SiteId,SiteName,County,Township,TWD67Lon,TWD67Lat,Rainfall10min,Rainfall1hr,Rainfall3hr,Rainfall6hr,Rainfall12hr,Rainfall24hr,Now,Unit,PublishTime
wr0701,楠溪,南投縣,信義鄉,120.8998,23.4746,0,0,0,0,0,0,0,第七河川局,2014-12-14 10:10:00
wr0411,外來吉,雲林縣,斗六市,120.7319,23.5314,0,0,0,0,0,0,0,第四河川局,2014-12-14 10:10:00
wr0410,豐山,雲林縣,斗六市,120.7386,23.5764,0,0,0,0,0,0,0,第四河川局,2014-12-14 10:10:00
wr0102,吉林國小,新北市,貢寮區,121.8794,24.9875,0,0,0,0,0,0,0,第一河川局,2014-12-14 10:10:00
wr0101,上林國小,新北市,雙溪區,121.8253,25.0311,0,0,0,0,0,0,0,第一河川局,2014-12-14 10:10:00
O1V820,圓富國中,高雄市,旗山區,120.5010,22.9284,0,0,0,0,0,0,0,第七河川局,2014-12-14 10:10:00
O1V810,溝坪,高雄市,內門區,120.5009,22.9925,0,0,0,0,0,0,0,第七河川局,2014-12-14 10:10:00
O1V550,多納(1),高雄市,茂林區,120.7080,22.9120,0,0,0,0,0,0,0,第七河川局,2014-12-14 10:10:00
O1V540,高中(2),高雄市,六龜區,120.7107,23.1321,0,0,0,0,0,0,0,第七河川局,2014-12-14 10:10:00
O1V520,民權,高雄市,桃源區,120.6886,23.2421,0,0,0,0,0,0,0,第七河川局,2014-12-14 10:10:00
O1V510,寶山,高雄市,鳳山區,120.7008,23.0384,0,0,0,0,0,0,0,第七河川局,2014-12-14 10:10:00
O1T820,太平國小,花蓮縣,卓溪鄉,121.3120,23.4075,0,0,0,0,0,0,0,第九河川局,2014-12-14 10:10:00
O1T810,卓清國小,花蓮縣,卓溪鄉,121.2639,23.2802,0,0,0,0,0,0,0,第九河川局,2014-12-14 10:10:00
O1T800,奇美國小,花蓮縣,瑞穗鄉,121.4378,23.4987,0,0,0,0,0,0,0,第九河川局,2014-12-14 10:10:00
O1S690,神山,屏東縣,霧台鄉,120.7202,22.7508,0,0,0,0,0,0,0,第七河川局,2014-12-14 10:10:00
O1S680,金針山,臺東縣,太麻里鄉,120.9445,22.6446,0,0,0,0,0,0,0,第八河川局,2014-12-14 10:10:00
O1S660,賓茂國小,臺東縣,金峰鄉,120.9463,22.5342,0,0,0,0,0,0,0,第八河川局,2014-12-14 10:10:00
O1S650,利吉國小,臺東縣,卑南鄉,121.1310,22.8405,0,0,0,0,0,0,0,第八河川局,2014-12-14 10:10:00
O1R620,新庄國小,屏東縣,萬丹鄉,120.4803,22.5619,0,0,0,0,0,0,0,第七河川局,2014-12-14 10:10:00
O1N1A0,大竹坑,臺南市,新營區,120.5689,23.1435,0,0,0,0,0,0,0,第六河川局,2014-12-14 10:10:00
O1D590,成德中學,新竹市,北區,120.9445,24.7916,0,0,0,0,0,0,0,第二河川局,2014-12-14 10:10:00
O1D580,內湖國小,新竹市,香山區,120.8987,24.7439,0,0,0,0,0,0,0,第二河川局,2014-12-14 10:10:00
O1D570,新城國小,新竹縣,寶山鄉,120.9592,24.7352,0,0,0,0,0,0,0,第二河川局,2014-12-14 10:10:00
01W010,望安,澎湖縣,望安鄉,119.4924,23.3591,0,0,0,0,0,0,0,第六河川局,2014-12-14 10:10:00
01V070,天池,高雄市,桃源區,120.9088,23.2794,0,0,0,0,0,0,0,第七河川局,2014-12-14 10:10:00
01V060,梅山(2),高雄市,桃源區,120.8168,23.2673,0,0,0,0,0,0,0,第七河川局,2014-12-14 10:10:00
01V040,六龜(4),高雄市,六龜區,120.6255,22.9996,0,0,0,0,0,0,0,第七河川局,2014-12-14 10:10:00
01U790,清水,宜蘭縣,三星鄉,121.6281,24.6135,0,0,1,2,4,0,4,第一河川局,2014-12-14 10:10:00
01U780,四季,宜蘭縣,大同鄉,121.4184,24.4896,0,0,0,0,0,0,0,第一河川局,2014-12-14 10:10:00
01U560,太平山(1,宜蘭縣,大同鄉,121.5282,24.4963,0,0,0,0,0,0,0,第一河川局,2014-12-14 10:10:00
01U470,武塔,宜蘭縣,南澳鄉,121.7690,24.4509,0,0,0,0,0,0,0,第一河川局,2014-12-14 10:10:00
01U460,五峰,宜蘭縣,礁溪鄉,121.7392,24.8334,0,0,0,0,0,0,0,第一河川局,2014-12-14 10:10:00
01U450,樟林,宜蘭縣,南澳鄉,121.7415,24.4276,0,0,0,0,0,0,0,第一河川局,2014-12-14 10:10:00
01U230,大濁水,宜蘭縣,南澳鄉,121.7309,24.3307,0,0,0,0,0,0,0,第一河川局,2014-12-14 10:10:00
01U190,新北城,宜蘭縣,羅東鎮,121.7407,24.6826,0,0,0,0,0,0,0,第一河川局,2014-12-14 10:10:00
01U130,冬山,宜蘭縣,冬山鄉,121.7760,24.6374,0,0,0,0,0,0,0,第一河川局,2014-12-14 10:10:00
01U120,新寮(1),宜蘭縣,冬山鄉,121.7439,24.6268,0,0,0,0,0,0,0,第一河川局,2014-12-14 10:10:00
01U080,南山,宜蘭縣,大同鄉,121.3712,24.4388,0,0,0,0,1,0,0,第一河川局,2014-12-14 10:10:00
01U070,留茂安,宜蘭縣,大同鄉,121.4434,24.5336,0,0,0,0,0,0,0,第一河川局,2014-12-14 10:10:00
01U060,梵梵(2),宜蘭縣,大同鄉,121.5183,24.6136,0,0,0,0,0,0,0,第一河川局,2014-12-14 10:10:00
01U050,土場(1),宜蘭縣,大同鄉,121.4883,24.5747,0,0,0,0,0,0,0,第一河川局,2014-12-14 10:10:00
01T9L0,東富,花蓮縣,光復鄉,121.4823,23.6846,0,0,0,0,0,0,0,第九河川局,2014-12-14 10:10:00
01T9J0,六十石山,花蓮縣,富里鄉,121.3149,23.2194,0,0,0,0,0,0,0,第九河川局,2014-12-14 10:10:00
01T730,豐濱,花蓮縣,豐濱鄉,121.5124,23.6042,0,0,0,0,0,0,0,第九河川局,2014-12-14 10:10:00
01T720,明里,花蓮縣,富里鄉,121.2436,23.2041,0,0,0,0,0,0,0,第九河川局,2014-12-14 10:10:00
01T560,西林,花蓮縣,萬榮鄉,121.4239,23.8210,0,0,0,0,0,0,0,第九河川局,2014-12-14 10:10:00
01T500,北埔,花蓮縣,新城鄉,121.5963,24.0389,0,0,0,0,0,0,0,第九河川局,2014-12-14 10:10:00
01T220,卓麓(4),花蓮縣,卓溪鄉,121.2595,23.2978,0,0,0,0,0,0,0,第九河川局,2014-12-14 10:10:00
01S870,北源,臺東縣,東河鄉,121.2929,23.0393,0,0,0,0,0,0,0,第八河川局,2014-12-14 10:10:00
01S860,電光,臺東縣,關山鎮,121.1738,23.0081,0,0,0,0,0,0,0,第八河川局,2014-12-14 10:10:00
01S610,台東(7),臺東縣,臺東市,121.1506,22.7553,0,0,0,0,0,0,0,第八河川局,2014-12-14 10:10:00
01S570,上里,臺東縣,延平鄉,121.0490,22.8791,0,0,0,0,0,0,0,第八河川局,2014-12-14 10:10:00
01S560,南鵝,臺東縣,卑南鄉,121.0163,22.7681,0,0,0,0,0,0,0,第八河川局,2014-12-14 10:10:00
01S470,向陽(2),臺東縣,海端鄉,120.9778,23.2497,0,0,0,0,0,0,0,第八河川局,2014-12-14 10:10:00
01S440,新武(3),臺東縣,海端鄉,121.1148,23.1344,0,0,0,0,0,0,0,第八河川局,2014-12-14 10:10:00
01S430,霧鹿,臺東縣,海端鄉,121.0333,23.1710,0,0,0,0,0,0,0,第八河川局,2014-12-14 10:10:00
01S360,紹家,臺東縣,達仁鄉,120.8501,22.3814,0,0,0,0,0,0,0,第八河川局,2014-12-14 10:10:00
01S270,樟原(1),臺東縣,長濱鄉,121.4514,23.4056,0,0,0,0,0,0,0,第八河川局,2014-12-14 10:10:00
01S260,忠勇,臺東縣,長濱鄉,121.4309,23.3293,0,0,0,0,0,0,0,第八河川局,2014-12-14 10:10:00
01S210,知本(5),臺東縣,卑南鄉,120.9910,22.6927,0,0,0,0,0,0,0,第八河川局,2014-12-14 10:10:00
01S130,武陵,臺東縣,延平鄉,121.1073,22.9715,0,0,0,0,0,0,0,第八河川局,2014-12-14 10:10:00
01r450,新豐(1),屏東縣,高樹鄉,120.6091,22.8572,0,0,0,0,0,0,0,第七河川局,2014-12-14 10:10:00
01R440,泗林,屏東縣,潮州鎮,120.5615,22.5474,0,0,0,0,0,0,0,第七河川局,2014-12-14 10:10:00
01R040,士文,屏東縣,屏東市,120.6556,22.3701,0,0,0,0,0,0,0,第七河川局,2014-12-14 10:10:00
01R030,大漢山,屏東縣,春日鄉,120.6750,22.4211,0,0,0,0,0,0,0,第七河川局,2014-12-14 10:10:00
01R000,壽卡,屏東縣,獅子鄉,120.8276,22.2470,0,0,0,0,0,0,0,第七河川局,2014-12-14 10:10:00
01Q930,三地門,屏東縣,瑪家鄉,120.6412,22.7102,0,0,0,0,0,0,0,第七河川局,2014-12-14 10:10:00
01Q920,新瑪家,屏東縣,瑪家鄉,120.6787,22.6772,0,0,0,0,0,0,0,第七河川局,2014-12-14 10:10:00
01Q870,石門,屏東縣,牡丹鄉,120.7669,22.1277,0,0,0,0,0,0,0,第七河川局,2014-12-14 10:10:00
01Q860,牡丹,屏東縣,牡丹鄉,120.8287,22.1774,0,0,0,0,0,0,0,第七河川局,2014-12-14 10:10:00
01Q610,古夏,屏東縣,三地門鄉,120.6364,22.7680,0,0,0,0,0,0,0,第七河川局,2014-12-14 10:10:00
01Q360,南和,屏東縣,來義鄉,120.6303,22.4364,0,0,0,0,0,0,0,第七河川局,2014-12-14 10:10:00
01Q350,新來義,屏東縣,來義鄉,120.6703,22.5288,0,0,0,0,0,0,0,第七河川局,2014-12-14 10:10:00
01Q250,泰武(1),屏東縣,泰武鄉,120.6873,22.6086,0,0,0,0,0,0,0,第七河川局,2014-12-14 10:10:00
01P770,美濃(2),高雄市,美濃區,120.5321,22.8948,0,0,0,0,0,0,0,第七河川局,2014-12-14 10:10:00
01P660,甲仙(2),高雄市,甲仙區,120.5796,23.0857,0,0,0,0,0,0,0,第七河川局,2014-12-14 10:10:00
01P500,阿蓮(2),高雄市,阿蓮區,120.3191,22.8781,0,0,0,0,0,0,0,第六河川局,2014-12-14 10:10:00
01P390,金山,高雄市,燕巢區,120.3901,22.8136,0,0,0,0,0,0,0,第六河川局,2014-12-14 10:10:00
01P280,古亭坑,高雄市,田寮區,120.3964,22.8946,0,0,0,0,0,0,0,第六河川局,2014-12-14 10:10:00
01P190,木柵,高雄市,內門區,120.4589,22.9774,0,0,0,0,0,0,0,第六河川局,2014-12-14 10:10:00
01O760,關山,臺南市,南化區,120.5870,23.1751,0,0,0,0,0,0,0,第六河川局,2014-12-14 10:10:00
01O750,王爺宮,臺南市,六甲區,120.3923,23.2240,0,0,0,0,0,0,0,第六河川局,2014-12-14 10:10:00
01O710,虎頭埤,臺南市,新化區,120.3291,23.0275,0,0,0,0,0,0,0,第六河川局,2014-12-14 10:10:00
01O200,北寮,臺南市,東山區,120.4883,23.2922,0,0,0,0,0,0,0,第五河川局,2014-12-14 10:10:00
01O190,東原,臺南市,東山區,120.4378,23.2671,0,0,0,0,0,0,0,第五河川局,2014-12-14 10:10:00
01O080,六溪,臺南市,白河區,120.4512,23.3108,0,0,0,0,0,0,0,第五河川局,2014-12-14 10:10:00
01O070,關子嶺(2,臺南市,白河區,120.4989,23.3327,0,0,0,0,0,0,0,第五河川局,2014-12-14 10:10:00
01N860,崎頂,臺南市,龍崎區,120.3517,22.9667,0,0,0,0,0,0,0,第六河川局,2014-12-14 10:10:00
01N850,南化(2),臺南市,南化區,120.4712,23.0463,0,0,0,0,0,0,0,第六河川局,2014-12-14 10:10:00
01M010,溪口(3),嘉義縣,溪口鄉,120.3919,23.5893,0,0,0,0,0,0,0,第五河川局,2014-12-14 10:10:00
01L910,中坑(3),嘉義縣,大林鎮,120.5128,23.5722,0,0,0,0,0,0,0,第五河川局,2014-12-14 10:10:00
01L490,沙坑,嘉義縣,竹崎鄉,120.5124,23.5321,0,0,0,0,0,0,0,第五河川局,2014-12-14 10:10:00
01L480,樟腦寮(2,嘉義縣,竹崎鄉,120.5945,23.5348,0,0,0,0,2,0,2,第五河川局,2014-12-14 10:10:00
01L390,大湖山,嘉義縣,番路鄉,120.6121,23.4769,0,0,0,0,1,0,0,第五河川局,2014-12-14 10:10:00
01L360,小公田(2,嘉義縣,番路鄉,120.6336,23.4263,0,0,0,0,1,0,1,第五河川局,2014-12-14 10:10:00
01K060,褒忠(2),雲林縣,褒忠鄉,120.3029,23.7029,0,0,0,0,0,0,0,第五河川局,2014-12-14 10:10:00
01J970,草嶺(2),雲林縣,古坑鄉,120.6875,23.5859,0,0,0,0,0,0,0,第四河川局,2014-12-14 10:10:00
01J960,大埔,嘉義縣,太保市,120.6073,23.6322,0,0,0,0,0,0,0,第五河川局,2014-12-14 10:10:00
01J930,林內(1),雲林縣,林內鄉,120.6044,23.7570,0,0,0,0,1,0,1,第五河川局,2014-12-14 10:10:00
01J100,西螺(2),雲林縣,西螺鎮,120.4567,23.8023,0,0,0,0,0,0,0,第四河川局,2014-12-14 10:10:00
01H780,內茅埔(2,南投縣,信義鄉,120.8437,23.6924,0,0,0,0,0,0,0,第四河川局,2014-12-14 10:10:00
01H720,清流(1),南投縣,仁愛鄉,120.9452,24.0681,0,0,0,0,1,0,1,第三河川局,2014-12-14 10:10:00
01H680,北山(2),南投縣,國姓鄉,120.8847,23.9873,0,0,0,0,0,0,0,第三河川局,2014-12-14 10:10:00
01H630,草屯(4),南投縣,草屯鎮,120.6708,23.9743,0,0,0,0,0,0,0,第三河川局,2014-12-14 10:10:00
01H590,六分寮,南投縣,南投市,120.6299,23.9279,0,0,0,0,0,0,0,第三河川局,2014-12-14 10:10:00
01H470,西巒,南投縣,信義鄉,120.9095,23.7124,0,0,0,0,1,0,0,第四河川局,2014-12-14 10:10:00
01H400,東埔,南投縣,水里鄉,120.9202,23.5636,1,1,1,1,1,0,1,第四河川局,2014-12-14 10:10:00
01H390,望鄉,南投縣,信義鄉,120.9197,23.6211,0,0,0,0,0,0,0,第四河川局,2014-12-14 10:10:00
01H310,翠峰,南投縣,仁愛鄉,121.1911,24.1088,0,0,0,0,0,0,0,第四河川局,2014-12-14 10:10:00
01H210,翠巒,南投縣,仁愛鄉,121.1954,24.1844,0,0,0,0,0,0,0,第三河川局,2014-12-14 10:10:00
01H110,桶頭(2),南投縣,竹山鎮,120.6495,23.6464,0,0,0,0,0,0,0,第四河川局,2014-12-14 10:10:00
01G240,萬興(2),彰化縣,二林鎮,120.4088,23.9572,0,0,0,0,0,0,0,第四河川局,2014-12-14 10:10:00
01G090,頭汴,彰化縣,鹿港鎮,120.4759,24.0870,0,0,0,0,0,0,0,第四河川局,2014-12-14 10:10:00
01F680,頭汴坑,臺中市,太平區,120.8030,24.1169,0,0,0,0,0,0,0,第三河川局,2014-12-14 10:10:00
01F350,雪嶺,臺中市,和平區,121.0173,24.2813,0,0,0,0,0,0,0,第三河川局,2014-12-14 10:10:00
01F100,八仙山(1,臺中市,和平區,120.9870,24.1280,0,0,0,0,0,0,0,第三河川局,2014-12-14 10:10:00
01E390,大潭,苗栗縣,造橋鄉,120.8126,24.6370,0,0,0,0,0,0,0,第二河川局,2014-12-14 10:10:00
01E380,大河,苗栗縣,三灣鄉,120.9381,24.6193,0,0,0,0,0,0,0,第二河川局,2014-12-14 10:10:00
01E370,和興,苗栗縣,獅潭鄉,120.9049,24.5298,0,0,0,0,0,0,0,第二河川局,2014-12-14 10:10:00
01E330,大坪頂,苗栗縣,通霄鎮,120.7196,24.4272,0,0,0,0,0,0,0,第二河川局,2014-12-14 10:10:00
01E310,南勢山,苗栗縣,後龍鎮,120.7271,24.5898,0,0,0,0,0,0,0,第二河川局,2014-12-14 10:10:00
01E290,三義(2),苗栗縣,三義鄉,120.7619,24.4160,0,0,0,0,0,0,0,第二河川局,2014-12-14 10:10:00
01E270,大湖(1),苗栗縣,大湖鄉,120.8617,24.4254,0,0,0,0,0,0,0,第二河川局,2014-12-14 10:10:00
01E240,珊珠湖,苗栗縣,頭份鎮,120.9521,24.6888,0,0,0,0,0,0,0,第二河川局,2014-12-14 10:10:00
01E230,卓蘭(2),臺中市,東勢區,120.8050,24.3068,0,0,0,0,0,0,0,第三河川局,2014-12-14 10:10:00
01E170,南庄(1),苗栗縣,南庄鄉,120.9922,24.5988,0,0,0,0,0,0,0,第二河川局,2014-12-14 10:10:00
01E120,大埔,苗栗縣,竹南鎮,120.8900,24.7112,0,0,0,0,0,0,0,第二河川局,2014-12-14 10:10:00
01E080,松安,苗栗縣,泰安鄉,120.9778,24.3996,0,0,0,1,1,0,1,第三河川局,2014-12-14 10:10:00
01E060,象鼻(1),苗栗縣,泰安鄉,120.9402,24.3622,0,0,0,0,0,0,0,第三河川局,2014-12-14 10:10:00
01E030,橫龍山,苗栗縣,泰安鄉,120.9606,24.4717,0,0,0,0,0,0,0,第二河川局,2014-12-14 10:10:00
01D310,新埔(1),新竹縣,新埔鎮,121.0632,24.8312,0,0,0,0,0,0,0,第二河川局,2014-12-14 10:10:00
01D300,關西(3),新竹縣,關西鎮,121.1722,24.7820,0,0,0,0,0,0,0,第二河川局,2014-12-14 10:10:00
01D180,梅花,新竹縣,尖石鄉,121.2004,24.6793,0,0,0,0,0,0,0,第二河川局,2014-12-14 10:10:00
01D110,清泉,新竹縣,五峰鄉,121.0953,24.5749,0,0,0,0,0,0,0,第二河川局,2014-12-14 10:10:00
01A160,林口(1),新北市,林口區,121.3686,25.0790,0,0,0,0,0,0,0,第二河川局,2014-12-14 10:10:00
00S120,鹿鳴橋,臺東縣,鹿野鄉,121.0784,22.9004,0,0,0,0,0,0,0,第八河川局,2014-12-14 10:10:00
00Q070,屏東(5),屏東縣,屏東市,120.4583,22.6567,0,0,0,0,0,0,0,第七河川局,2014-12-14 10:10:00
00P470,旗山(4),高雄市,旗山區,120.4736,22.8813,0,0,0,0,0,0,0,第七河川局,2014-12-14 10:10:00
00J810,北港(2),雲林縣,北港鎮,120.2938,23.5797,0,0,0,0,0,0,0,第五河川局,2014-12-14 10:10:00
00H810,惠蓀(2),南投縣,仁愛鄉,121.0241,24.0925,0,0,0,0,1,0,1,第三河川局,2014-12-14 10:10:00
00H710,集集(2),南投縣,集集鎮,120.7668,23.8280,0,0,0,1,1,0,1,第四河川局,2014-12-14 10:10:00
00H540,龍神橋,南投縣,水里鄉,120.8635,23.7818,0,0,0,0,0,0,0,第四河川局,2014-12-14 10:10:00
00F390,雙崎(2),臺中市,和平區,120.9019,24.2941,0,0,0,0,0,0,0,第三河川局,2014-12-14 10:10:00
NUP810,員山子,新北市,瑞芳區,121.8148,25.1081,0,0,0,0,0,0,0,十河局,2014-12-14 10:10:00
01C570,龍壽社區,桃園縣,龜山鄉,121.3798,25.0118,0,0,0,0,0,0,0,十河局,2014-12-14 10:10:00
NUP490,復興國小,基隆市,七堵區,121.6578,25.1090,0,0,0,0,0,0,0,十河局,2014-12-14 10:10:00
21C050,石門,桃園縣,龍潭鄉,121.2403,24.8111,0,0,0,0,0,0,0,石門水庫,2014-12-14 10:10:00
C0D660,新竹市東,新竹市,東區,120.9787,24.8004,0,0,0,0,0,0,0,局屬無人測站,2014-12-14 10:10:00
C0Z100,東華,花蓮縣,壽豐鄉,121.5417,23.8971,0,0,0,0,0,0,0,局屬無人測站,2014-12-14 10:10:00
C0AH10,永和,新北市,永和區,121.4999,25.0130,0,0,0,0,0,0,0,局屬無人測站,2014-12-14 10:10:00
C0D650,湖口,新竹縣,湖口鄉,121.0354,24.9066,0,0,0,0,0,0,0,局屬無人測站,2014-12-14 10:10:00
C0C660,楊梅,桃園縣,楊梅市,121.1348,24.9141,0,0,0,0,0,0,0,局屬無人測站,2014-12-14 10:10:00
C0V800,六龜,高雄市,六龜區,120.6255,22.9998,0,0,0,0,0,0,0,局屬無人測站,2014-12-14 10:10:00
C0V790,萬山,高雄市,茂林區,120.6800,22.9077,0,0,0,0,0,0,0,局屬無人測站,2014-12-14 10:10:00
C0R600,舊泰武,屏東縣,泰武鄉,120.6569,22.5900,0,0,0,0,0,0.5,0,局屬無人測站,2014-12-14 10:10:00
C1R610,西大武山,屏東縣,泰武鄉,120.7241,22.6195,0,0,0,0,0,0,0,局屬無人測站,2014-12-14 10:10:00
C1V780,多納林道,高雄市,茂林區,120.7299,22.8898,0,0,0,0.5,0.5,2,0.5,局屬無人測站,2014-12-14 10:10:00
C0V450,鳳森,高雄市,小港區,120.3845,22.5469,0,0,0,0,0,0,0,局屬無人測站,2014-12-14 10:10:00
C0R160,新圍,屏東縣,鹽埔鄉,120.5227,22.7413,0,0,0,0,0,0,0,局屬無人測站,2014-12-14 10:10:00
C0R170,屏東,屏東縣,屏東市,120.4836,22.6619,0,0,0,0,0,0,0,局屬無人測站,2014-12-14 10:10:00
C0R240,來義,屏東縣,萬巒鄉,120.6171,22.5291,0,0,0,0,0,0,0,局屬無人測站,2014-12-14 10:10:00
C0R260,春日,屏東縣,春日鄉,120.6203,22.3722,0,0,0,0,0,0,0,局屬無人測站,2014-12-14 10:10:00
C0V360,內門,高雄市,內門區,120.4583,22.9769,0,0,0,0,0,0,0,局屬無人測站,2014-12-14 10:10:00
C0V430,左營,高雄市,左營區,120.2857,22.6797,0,0,0,0,0,0,0,局屬無人測站,2014-12-14 10:10:00
C0V400,阿公店,高雄市,燕巢區,120.3474,22.8059,0,0,0,0,0,0,0,局屬無人測站,2014-12-14 10:10:00
C0V350,溪埔,高雄市,大樹區,120.4386,22.7403,0,0,0,0,0,0,0,局屬無人測站,2014-12-14 10:10:00
C0R140,瑪家,屏東縣,瑪家鄉,120.6789,22.6847,0,0,0,0,0,0.5,0,局屬無人測站,2014-12-14 10:10:00
C0R130,阿禮,屏東縣,霧台鄉,120.7356,22.7444,0,0,0,0,0,0,0,局屬無人測站,2014-12-14 10:10:00
C0O860,大內,臺南市,大內區,120.3528,23.1206,0,0,0,0,0,0,0,局屬無人測站,2014-12-14 10:10:00
C0O840,王爺宮,臺南市,六甲區,120.3911,23.2225,0,0,0,0,0,0,0,局屬無人測站,2014-12-14 10:10:00
C0V210,復興,高雄市,桃源區,120.7978,23.2242,0,0,0,0,0,0,0,局屬無人測站,2014-12-14 10:10:00
C0V260,月眉,高雄市,杉林區,120.5318,22.9728,0,0,0,0,0,0,0,局屬無人測站,2014-12-14 10:10:00
C0O830,北寮,臺南市,南化區,120.4869,23.0816,0,0,0,0,0,0,0,局屬無人測站,2014-12-14 10:10:00
C0O980,新市,臺南市,新市區,120.2904,23.0636,0,0,0,0,0,0,0,局屬無人測站,2014-12-14 10:10:00
C0O950,安南,臺南市,安南區,120.1367,23.0783,0,0,0,0,0,0,0,局屬無人測站,2014-12-14 10:10:00
C0V530,阿蓮,高雄市,阿蓮區,120.3195,22.8849,0,0,0,0,0,0,0,局屬無人測站,2014-12-14 10:10:00
C0O960,崎頂,臺南市,龍崎區,120.3612,22.9613,0,0,0,0,0,0,0,局屬無人測站,2014-12-14 10:10:00
C0O990,媽廟,臺南市,歸仁區,120.2854,22.9935,0,0,0,0,0,0,0,局屬無人測站,2014-12-14 10:10:00
C0O970,虎頭埤,臺南市,新化區,120.3398,23.0231,0,0,0,0,0,0,0,局屬無人測站,2014-12-14 10:10:00
C0V440,鳳山,高雄市,鳳山區,120.3481,22.6486,0,0,0,0,0,0,0,局屬無人測站,2014-12-14 10:10:00
C0R190,赤山,屏東縣,萬巒鄉,120.6063,22.5941,0,0,0,0,0,0,0,局屬無人測站,2014-12-14 10:10:00
C0R540,佳冬,屏東縣,佳冬鄉,120.5442,22.4212,0,0,0,0,0,0,0,局屬無人測站,2014-12-14 10:10:00
C0R530,林邊,屏東縣,林邊鄉,120.5021,22.4327,0,0,0,0,0,0,0,局屬無人測站,2014-12-14 10:10:00
C0R550,新埤,屏東縣,新埤鄉,120.5748,22.4698,0,0,0,0,0,0,0,局屬無人測站,2014-12-14 10:10:00
C0R520,崁頂,屏東縣,崁頂鄉,120.4990,22.5166,0,0,0,0,0,0,0,局屬無人測站,2014-12-14 10:10:00
C0R560,新園,屏東縣,新園鄉,120.4535,22.5452,0,0,0,0,0,0,0,局屬無人測站,2014-12-14 10:10:00
C0R500,竹田,屏東縣,竹田鄉,120.5359,22.5866,0,0,0,0,0,0,0,局屬無人測站,2014-12-14 10:10:00
C0R510,萬丹,屏東縣,萬丹鄉,120.4824,22.5896,0,0,0,0,0,0,0,局屬無人測站,2014-12-14 10:10:00
C0R480,長治,屏東縣,長治鄉,120.5346,22.6948,0,0,0,0,0,0,0,局屬無人測站,2014-12-14 10:10:00
C0R470,高樹,屏東縣,高樹鄉,120.5927,22.8282,0,0,0,0,0,0,0,局屬無人測站,2014-12-14 10:10:00
C0R490,九如,屏東縣,九如鄉,120.4825,22.7423,0,0,0,0,0,0,0,局屬無人測站,2014-12-14 10:10:00
C0V720,林園,高雄市,林園區,120.3866,22.5096,0,0,0,0,0,0,0,局屬無人測站,2014-12-14 10:10:00
C0V710,苓雅,高雄市,苓雅區,120.3226,22.6245,0,0,0,0,0,0,0,局屬無人測站,2014-12-14 10:10:00
C0V700,三民,高雄市,三民區,120.3033,22.6469,0,0,0,0,0,0,0,局屬無人測站,2014-12-14 10:10:00
C0V690,鼓山,高雄市,鼓山區,120.2675,22.6251,0,0,0,0,0,0,0,局屬無人測站,2014-12-14 10:10:00
C0V670,楠梓,高雄市,楠梓區,120.2779,22.7215,0,0,0,0,0,0,0,局屬無人測站,2014-12-14 10:10:00
C0V680,仁武,高雄市,仁武區,120.3397,22.7029,0,0,0,0,0,0,0,局屬無人測站,2014-12-14 10:10:00
C0V610,梓官,高雄市,梓官區,120.2593,22.7624,0,0,0,0,0,0,0,局屬無人測站,2014-12-14 10:10:00
C0V650,彌陀,高雄市,彌陀區,120.2383,22.7856,0,0,0,0,0,0,0,局屬無人測站,2014-12-14 10:10:00
C0V660,岡山,高雄市,岡山區,120.2872,22.7993,0,0,0,0,0,0,0,局屬無人測站,2014-12-14 10:10:00
C0V620,永安,高雄市,永安區,120.2288,22.8249,0,0,0,0,0,0.5,0,局屬無人測站,2014-12-14 10:10:00
C0V640,湖內,高雄市,湖內區,120.2364,22.8889,0,0,0,0,0,0,0,局屬無人測站,2014-12-14 10:10:00
C0V630,茄萣,高雄市,茄萣區,120.1746,22.9084,0,0,0,0,0,0,0,局屬無人測站,2014-12-14 10:10:00
C0X190,安平,臺南市,安平區,120.1441,22.9950,0,0,0,0,0,0,0,局屬無人測站,2014-12-14 10:10:00
C0X100,臺南市北,臺南市,北區,120.1863,23.0122,0,0,0,0,0,0,0,局屬無人測站,2014-12-14 10:10:00
C0X110,臺南市南,臺南市,南區,120.1804,22.9630,0,0,0,0,0,0,0,局屬無人測站,2014-12-14 10:10:00
C0X170,關廟,臺南市,關廟區,120.3197,22.9649,0,0,0,0,0,0,0,局屬無人測站,2014-12-14 10:10:00
C0X160,仁德,臺南市,仁德區,120.2498,22.9701,0,0,0,0,0,0,0,局屬無人測站,2014-12-14 10:10:00
C0X180,山上,臺南市,山上區,120.3552,23.0774,0,0,0,0,0,0,0,局屬無人測站,2014-12-14 10:10:00
C0X150,安定,臺南市,安定區,120.2200,23.1044,0,0,0,0,0,0,0,局屬無人測站,2014-12-14 10:10:00
C0X140,西港,臺南市,西港區,120.1951,23.1274,0,0,0,0,0,0,0,局屬無人測站,2014-12-14 10:10:00
C0X130,官田,臺南市,官田區,120.3075,23.1950,0,0,0,0,0,0,0,局屬無人測站,2014-12-14 10:10:00
C0X120,麻豆,臺南市,麻豆區,120.2405,23.1851,0,0,0,0,0,0,0,局屬無人測站,2014-12-14 10:10:00
C0R580,南州,屏東縣,南州鄉,120.4947,22.4877,0,0,0,0,0,0,0,局屬無人測站,2014-12-14 10:10:00
C0R570,麟洛,屏東縣,麟洛鄉,120.5191,22.6526,0,0,0,0,0,0,0,局屬無人測站,2014-12-14 10:10:00
C0V730,大寮,高雄市,大寮區,120.3877,22.6074,0,0,0,0,0,0,0,局屬無人測站,2014-12-14 10:10:00
C0V770,大社,高雄市,大社區,120.3386,22.7319,0,0,0,0,0,0,0,局屬無人測站,2014-12-14 10:10:00
C0V760,橋頭,高雄市,橋頭區,120.2977,22.7596,0,0,0,0,0,0,0,局屬無人測站,2014-12-14 10:10:00
C0V750,路竹,高雄市,路竹區,120.2514,22.8566,0,0,0,0,0,0,0,局屬無人測站,2014-12-14 10:10:00
C0V740,旗山,高雄市,旗山區,120.4755,22.8904,0,0,0,0,0,0,0,局屬無人測站,2014-12-14 10:10:00
C0X200,左鎮,臺南市,左鎮區,120.4004,23.0585,0,0,0,0,0,0,0,局屬無人測站,2014-12-14 10:10:00
C1V570,吉東,高雄市,美濃區,120.5373,22.8560,0,0,0,0,0,0,0,局屬無人測站,2014-12-14 10:10:00
C1V580,溪南(特),高雄市,桃源區,120.7804,23.0868,0,0,0,0,0,0,0,局屬無人測站,2014-12-14 10:10:00
C1V600,藤枝,高雄市,桃源區,120.7489,23.0738,0,0,0,0,0,0.5,0,局屬無人測站,2014-12-14 10:10:00
C1V590,新發,高雄市,六龜區,120.6380,23.0588,0,0,0,0,0,0.5,0,局屬無人測站,2014-12-14 10:10:00
88U830,寒溪,宜蘭縣,大同鄉,121.6774,24.5963,0,0,0,0,2,2,1,農委會水土保持局,2014-12-14 10:10:00
88H890,南豐,南投縣,仁愛鄉,121.0805,24.0190,0,0,0,0.5,0.5,0.5,0.5,農委會水土保持局,2014-12-14 10:10:00
88S670,大鳥,臺東縣,大武鄉,120.9022,22.3915,0,0,0,0,0,0,0,農委會水土保持局,2014-12-14 10:10:00
88R460,來義,屏東縣,來義鄉,120.6680,22.5276,0,0,0,0,0,0,0,農委會水土保持局,2014-12-14 10:10:00
88V560,集來,高雄市,杉林區,120.5847,23.0304,0,0,0,0,0,0,0,農委會水土保持局,2014-12-14 10:10:00
88O950,羌黃坑,臺南市,南化區,120.5286,23.0737,0,0,0,0,0,0,0,農委會水土保持局,2014-12-14 10:10:00
C1R440,大漢山,屏東縣,春日鄉,120.7451,22.4059,0,0,0,0,0.5,1,0.5,局屬無人測站,2014-12-14 10:10:00
C1S850,豐南,花蓮縣,富里鄉,121.2543,23.1240,0,0,0,0,0,0,0,局屬無人測站,2014-12-14 10:10:00
C0Z080,富源,花蓮縣,光復鄉,121.3704,23.5898,0,0,0,0,0,0,0,局屬無人測站,2014-12-14 10:10:00
C1Z090,三棧,花蓮縣,秀林鄉,121.5970,24.1188,0,0,0,0,0,0,0,局屬無人測站,2014-12-14 10:10:00
C1S870,南美山,臺東縣,成功鎮,121.3743,23.1521,0,0,0,0,0,0,0,局屬無人測站,2014-12-14 10:10:00
C1S860,利嘉,臺東縣,卑南鄉,121.0424,22.8111,0,0,0,0,0,0,0,局屬無人測站,2014-12-14 10:10:00
C0F9V0,新社,臺中市,新社區,120.8075,24.2016,0,0,0,0,0,0,0,局屬無人測站,2014-12-14 10:10:00
C0F9R0,龍井,臺中市,龍井區,120.5208,24.1863,0,0,0,0,0,0,0,局屬無人測站,2014-12-14 10:10:00
C0F9Q0,外埔,臺中市,外埔區,120.6975,24.3496,0,0,0,0,0,0,0,局屬無人測站,2014-12-14 10:10:00
C0F9P0,清水,臺中市,清水區,120.5541,24.3140,0,0,0,0,0,0,0,局屬無人測站,2014-12-14 10:10:00
C0F9O0,潭子,臺中市,潭子區,120.6958,24.2148,0,0,0,0,0,0,0,局屬無人測站,2014-12-14 10:10:00
C0F9M0,豐原,臺中市,豐原區,120.7123,24.2563,0,0,0,0,0,0,0,局屬無人測站,2014-12-14 10:10:00
C0F9L0,后里,臺中市,后里區,120.7215,24.3121,0,0,0,0,0,0,0,局屬無人測站,2014-12-14 10:10:00
C0F9K0,大安,臺中市,大安區,120.5800,24.3474,0,0,0,0,0,0,0,局屬無人測站,2014-12-14 10:10:00
C0F9U0,南屯,臺中市,南屯區,120.6301,24.1389,0,0,0,0,0,0,0,局屬無人測站,2014-12-14 10:10:00
C0F9T0,西屯,臺中市,西屯區,120.6329,24.1820,0,0,0,0,0,0,0,局屬無人測站,2014-12-14 10:10:00
C0F9S0,烏日,臺中市,烏日區,120.6159,24.1088,0,0,0,0,0,0,0,局屬無人測站,2014-12-14 10:10:00
C0F9N0,大里,臺中市,大里區,120.6922,24.0944,0,0,0,0,0,0,0,局屬無人測站,2014-12-14 10:10:00
C1F9W0,德基,臺中市,和平區,121.1820,24.2567,0,0,0,0,0,0,0,局屬無人測站,2014-12-14 10:10:00
C0G890,伸港,彰化縣,伸港鄉,120.4762,24.1505,0,0,0,0,0,0,0,局屬無人測站,2014-12-14 10:10:00
C0G870,芳苑,彰化縣,芳苑鄉,120.3119,23.9240,0,0,0,0,0,0,0,局屬無人測站,2014-12-14 10:10:00
C0G880,二水,彰化縣,二水鄉,120.6090,23.8128,0,0,0,0,0,0,0,局屬無人測站,2014-12-14 10:10:00
C0G860,社頭,彰化縣,社頭鄉,120.5781,23.8994,0,0,0,0,0,0,0,局屬無人測站,2014-12-14 10:10:00
C0G850,田中,彰化縣,田中鎮,120.5804,23.8587,0,0,0,0,0,0,0,局屬無人測站,2014-12-14 10:10:00
C0G840,北斗,彰化縣,北斗鎮,120.5065,23.8792,0,0,0,0,0,0,0,局屬無人測站,2014-12-14 10:10:00
C0G830,埤頭,彰化縣,埤頭鄉,120.4447,23.8678,0,0,0,0,0,0,0,局屬無人測站,2014-12-14 10:10:00
C0G820,田尾,彰化縣,田尾鄉,120.5014,23.9034,0,0,0,0,0,0,0,局屬無人測站,2014-12-14 10:10:00
C0G810,埔心,彰化縣,埔心鄉,120.5176,23.9487,0,0,0,0,0,0,0,局屬無人測站,2014-12-14 10:10:00
C0G800,埔鹽,彰化縣,埔鹽鄉,120.4236,24.0022,0,0,0,0,0,0,0,局屬無人測站,2014-12-14 10:10:00
C0G790,花壇,彰化縣,花壇鄉,120.5441,24.0178,0,0,0,0,0,0,0,局屬無人測站,2014-12-14 10:10:00
C0G780,秀水,彰化縣,秀水鄉,120.4957,24.0359,0,0,0,0,0,0,0,局屬無人測站,2014-12-14 10:10:00
C0G770,福興,彰化縣,福興鄉,120.4295,24.0430,0,0,0,0,0,0,0,局屬無人測站,2014-12-14 10:10:00
C0E810,西湖,苗栗縣,西湖鄉,120.7403,24.5644,0,0,0,0,0,0,0,局屬無人測站,2014-12-14 10:10:00
C0E780,銅鑼,苗栗縣,銅鑼鄉,120.7826,24.4915,0,0,0,0,0,0,0,局屬無人測站,2014-12-14 10:10:00
C0E750,苗栗,苗栗縣,苗栗市,120.8164,24.5667,0,0,0,0,0,0,0,局屬無人測站,2014-12-14 10:10:00
C0E740,造橋,苗栗縣,造橋鄉,120.8566,24.6388,0,0,0,0,0,0,0,局屬無人測站,2014-12-14 10:10:00
C0E830,苑裡,苗栗縣,苑裡鎮,120.6449,24.4415,0,0,0,0,0,0,0,局屬無人測站,2014-12-14 10:10:00
C1E770,公館,苗栗縣,公館鄉,120.8226,24.5286,0,0,0,0,0,0,0,局屬無人測站,2014-12-14 10:10:00
C0E790,卓蘭,苗栗縣,卓蘭鎮,120.8162,24.3148,0,0,0,0,0,0,0,局屬無人測站,2014-12-14 10:10:00
C1D640,外坪,新竹縣,北埔鄉,121.0829,24.6462,0,0,0,0,0,0,0,局屬無人測站,2014-12-14 10:10:00
C1D630,飛鳳山,新竹縣,芎林鄉,121.1107,24.7683,0,0,0,0,0,0,0,局屬無人測站,2014-12-14 10:10:00
C0E820,獅潭,苗栗縣,獅潭鄉,120.9120,24.5410,0,0,0,0,0,0,0,局屬無人測站,2014-12-14 10:10:00
C1U840,東澳嶺,宜蘭縣,南澳鄉,121.8406,24.5393,0,0,0,0,1,1,0.5,局屬無人測站,2014-12-14 10:10:00
C1U850,觀音海岸,宜蘭縣,南澳鄉,121.7703,24.3851,0,0,0.5,1.5,2.5,2.5,2.5,局屬無人測站,2014-12-14 10:10:00
C1U830,烏石鼻,宜蘭縣,蘇澳鎮,121.8317,24.4847,0,0,0,0,0,0,0,局屬無人測站,2014-12-14 10:10:00
C0U780,五結,宜蘭縣,五結鄉,121.7902,24.6887,0,0,0,0,0,0,0,局屬無人測站,2014-12-14 10:10:00
C0V500,旗津,高雄市,旗津區,120.2779,22.5904,0,0,0,0,0,0,0,局屬無人測站,2014-12-14 10:10:00
C0V490,新興,高雄市,新興區,120.2906,22.6291,0,0,0,0,0,0,0,局屬無人測站,2014-12-14 10:10:00
C0AD50,鶯歌,新北市,鶯歌區,121.3373,24.9530,0,0,0,0,0,0,0,局屬無人測站,2014-12-14 10:10:00
C0AD40,土城,新北市,土城區,121.4369,24.9749,0,0,0,0,0,0,0,局屬無人測站,2014-12-14 10:10:00
C0AD30,蘆洲,新北市,蘆洲區,121.4641,25.0885,0,0,0,0,0,0,0,局屬無人測站,2014-12-14 10:10:00
C0AD20,深坑,新北市,深坑區,121.6095,25.0031,0,0,0,0,0,0,0,局屬無人測站,2014-12-14 10:10:00
C0AD10,八里,新北市,八里區,121.3953,25.1523,0,0,0,0,0,0,0,局屬無人測站,2014-12-14 10:10:00
C0AD00,三芝,新北市,三芝區,121.4934,25.2596,0,0,0,0,0,0,0,局屬無人測站,2014-12-14 10:10:00
swc140,坪頂,雲林縣,林內鄉,120.6310,23.7556,0,0,0,0,0,0,0,農委會水土保持局,2014-12-14 10:10:00
swc130,松鶴,臺中市,和平區,120.9778,24.1786,0,0,0,0,0.5,0.5,0.5,農委會水土保持局,2014-12-14 10:10:00
swc120,豐山,嘉義縣,阿里山鄉,120.7399,23.5873,0,0,0,0,0,1,0,農委會水土保持局,2014-12-14 10:10:00
swc110,大興,花蓮縣,光復鄉,121.3699,23.6436,0,0,0,0,0,0.5,0,農委會水土保持局,2014-12-14 10:10:00
swc100,華山,雲林縣,古坑鄉,120.5999,23.5953,0,0,0.5,0.5,1.5,2,1.5,農委會水土保持局,2014-12-14 10:10:00
swc090,射馬干,臺東縣,卑南鄉,121.0298,22.7269,0,0,0,0,0,0,0,農委會水土保持局,2014-12-14 10:10:00
swc080,鳳義坑,花蓮縣,鳳林鎮,121.4207,23.7442,0,0,0,0,0,0,0,農委會水土保持局,2014-12-14 10:10:00
swc070,大粗坑,新北市,瑞芳區,121.8307,25.0931,0.5,0.5,0.5,0.5,0.5,0.5,0.5,農委會水土保持局,2014-12-14 10:10:00
swc060,豐丘,南投縣,信義鄉,120.8686,23.6699,0,0,0,0,0,0,0,農委會水土保持局,2014-12-14 10:10:00
swc050,郡坑,南投縣,水里鄉,120.8629,23.7416,0,0,0,0,0,0,0,農委會水土保持局,2014-12-14 10:10:00
swc040,上安,南投縣,水里鄉,120.8666,23.7247,0,0,0,0,0,0,0,農委會水土保持局,2014-12-14 10:10:00
swc030,神木,南投縣,信義鄉,120.8482,23.5297,0,0,0,0,0,0,0,農委會水土保持局,2014-12-14 10:10:00
swc020,九份二山,南投縣,國姓鄉,120.8487,23.9536,0,0,0,0,0.5,0.5,0.5,農委會水土保持局,2014-12-14 10:10:00
swc010,白布帆,苗栗縣,卓蘭鎮,120.8973,24.2993,0,0,0,0,0,0,0,農委會水土保持局,2014-12-14 10:10:00
C0R430,東港,屏東縣,東港鎮,120.4333,22.4667,0,0,0,0,0,0,0,局屬無人測站,2014-12-14 10:10:00
C0E730,頭份,苗栗縣,頭份鎮,120.9042,24.6900,0,0,0,0,0,0,0,局屬無人測站,2014-12-14 10:10:00
C0D580,寶山,新竹縣,寶山鄉,121.0168,24.7367,0,0,0,0,0,0,0,局屬無人測站,2014-12-14 10:10:00
C0C640,龜山,桃園縣,龜山鄉,121.3664,25.0331,0,0,0,0,0,0,0,局屬無人測站,2014-12-14 10:10:00
C0C630,大溪,桃園縣,大溪鎮,121.2569,24.8847,0,0,0,0,0,0,0,局屬無人測站,2014-12-14 10:10:00
C0C650,平鎮,桃園縣,平鎮市,121.2064,24.8994,0,0,0,0,0,0,0,局屬無人測站,2014-12-14 10:10:00
C0D570,香山,新竹市,香山區,120.8973,24.7487,0,0,0,0,0,0,0,局屬無人測站,2014-12-14 10:10:00
C0C520,中壢,桃園縣,中壢市,121.1771,24.9695,0,0,0,0,0,0,0,局屬無人測站,2014-12-14 10:10:00
C0C620,蘆竹,桃園縣,蘆竹市,121.2575,25.0861,0,0,0,0,0,0,0,局屬無人測站,2014-12-14 10:10:00
C0D560,竹東,新竹縣,竹東鎮,121.0499,24.7693,0,0,0,0,0,0,0,局屬無人測站,2014-12-14 10:10:00
C0D550,雪霸,新竹縣,五峰鄉,121.1079,24.5287,0,0,0,0,0,0,0,局屬無人測站,2014-12-14 10:10:00
C0C670,龍潭,桃園縣,龍潭鄉,121.2132,24.8718,0,0,0,0,0,0,0,局屬無人測站,2014-12-14 10:10:00
C0D540,橫山,新竹縣,橫山鄉,121.1172,24.7117,0,0,0,0,0,0,0,局屬無人測站,2014-12-14 10:10:00
C0C460,復興,桃園縣,復興鄉,121.3443,24.8221,0,0,0,0,0,0,0,局屬無人測站,2014-12-14 10:10:00
C0C590,觀音,桃園縣,觀音鄉,121.1451,25.0289,0,0,0,0,0,0,0,局屬無人測站,2014-12-14 10:10:00
C0D590,新豐,新竹縣,新豐鄉,120.9772,24.8706,0,0,0,0,0,0,0,局屬無人測站,2014-12-14 10:10:00
C0A560,福山,新北市,烏來區,121.4946,24.7783,0,0,1,2.5,3.5,4,3.5,局屬無人測站,2014-12-14 10:10:00
C0A990,大崙尾山,臺北市,內湖區,121.5656,25.1084,0,0,0,0,0,0,0,局屬無人測站,2014-12-14 10:10:00
C0R370,佳樂水,屏東縣,滿州鄉,120.8367,21.9942,0,0,0,0,0,0,0,局屬無人測站,2014-12-14 10:10:00
C0S760,紅石,臺東縣,海端鄉,121.1200,23.0714,0,0,0,0,0.5,0.5,0.5,局屬無人測站,2014-12-14 10:10:00
C1U501,牛鬥,宜蘭縣,大同鄉,121.5653,24.6394,0,0,0.5,1,2,2,1.5,局屬無人測站,2014-12-14 10:10:00
C1A630,下盆,新北市,烏來區,121.5304,24.7726,0,0,1,1.5,3,3,2.5,局屬無人測站,2014-12-14 10:10:00
L1A790,翡翠,新北市,新店區,121.5719,24.9089,0,0,0,0,0,0,0,翡翠水庫,2014-12-14 10:10:00
L1A820,十三股,新北市,石碇區,121.6414,24.9458,0,0,0,0,0,0,0,翡翠水庫,2014-12-14 10:10:00
L1A810,九芎根,新北市,石碇區,121.6417,24.9042,0,0,0,0,0,0,0,翡翠水庫,2014-12-14 10:10:00
L1A830,坪林,新北市,坪林區,121.7056,24.9386,0,0,0,0,0,0,0,翡翠水庫,2014-12-14 10:10:00
L1A800,碧湖,新北市,坪林區,121.7375,24.8944,0,0,0,0,0,0,0,翡翠水庫,2014-12-14 10:10:00
L1A840,太平,新北市,雙溪區,121.8200,24.9736,0,0,1,1,1,1,1,翡翠水庫,2014-12-14 10:10:00
21D350,西丘斯山,新竹縣,尖石鄉,121.3500,24.5833,0,0,0,0,0,0,0,石門水庫,2014-12-14 10:10:00
21D170,鎮西堡,新竹縣,尖石鄉,121.3000,24.5667,0,0,0,0,0,0,0,石門水庫,2014-12-14 10:10:00
21D160,白石,新竹縣,尖石鄉,121.2167,24.5500,0,0,0,0,0,0,0,石門水庫,2014-12-14 10:10:00
21C090,嘎拉賀,桃園縣,復興鄉,121.4000,24.6333,0,0,0,0,0,0,0,石門水庫,2014-12-14 10:10:00
21U110,池端,宜蘭縣,大同鄉,121.4667,24.6333,0,0,1,1,2,3,2,石門水庫,2014-12-14 10:10:00
21C070,巴陵,桃園縣,復興鄉,121.3833,24.6833,0,0,0,0,0,0,0,石門水庫,2014-12-14 10:10:00
21D150,玉峰,新竹縣,尖石鄉,121.3000,24.6667,0,0,0,0,0,0,0,石門水庫,2014-12-14 10:10:00
21C080,高義,桃園縣,復興鄉,121.3500,24.7167,0,0,0,0,0,0,0,石門水庫,2014-12-14 10:10:00
21C140,霞雲,桃園縣,復興鄉,121.3500,24.8000,0,0,0,0,0,1,0,石門水庫,2014-12-14 10:10:00
01A350,富貴角,新北市,石門區,121.5364,25.2900,0,0,0,0,0,0,0,十河局,2014-12-14 10:10:00
01AF90,三貂嶺,新北市,瑞芳區,121.8206,25.0592,0,0,0,0,0,0,0,十河局,2014-12-14 10:10:00
01AG00,社后橋,新北市,汐止區,121.6336,25.0630,0,0,0,0,0,0,0,十河局,2014-12-14 10:10:00
01AG10,熊空山,新北市,三峽區,121.4517,24.8753,0,0,0,1,1,1,1,十河局,2014-12-14 10:10:00
01A200,火燒寮,新北市,平溪區,121.7414,24.9828,0,0,0,0,0,0,0,十河局,2014-12-14 10:10:00
01A380,瑞芳,新北市,瑞芳區,121.7956,25.1128,0,0,0,0,0,0,0,十河局,2014-12-14 10:10:00
01A220,三峽,新北市,三峽區,121.3478,24.9403,0,0,0,0,0,0,0,十河局,2014-12-14 10:10:00
01A130,石碇,新北市,石碇區,121.6494,24.9936,0,0,0,0,0,0,0,十河局,2014-12-14 10:10:00
01A190,碧湖,新北市,坪林區,121.7372,24.8928,0,0,0,0,0,0,0,十河局,2014-12-14 10:10:00
01A420,竹子湖,臺北市,士林區,121.5336,25.1639,0,0,0,0,0,0,0,十河局,2014-12-14 10:10:00
01B030,五堵,基隆市,七堵區,121.6867,25.0808,0,0,0,0,0,0,0,十河局,2014-12-14 10:10:00
01A410,中正橋,臺北市,中正區,121.5097,25.0214,0,0,0,0,0,0,0,十河局,2014-12-14 10:10:00
01A170,坪林,新北市,坪林區,121.7070,24.9370,0,0,0,0,0,1,0,十河局,2014-12-14 10:10:00
01A440,大桶山,新北市,新店區,121.5664,24.8700,0,0,0,0,0,0,0,十河局,2014-12-14 10:10:00
01A430,福山,新北市,烏來區,121.4817,24.7789,0,0,2,3,3,4,3,十河局,2014-12-14 10:10:00
01A210,大豹,新北市,三峽區,121.4164,24.8861,0,0,0,0,0,0,0,十河局,2014-12-14 10:10:00
01C400,石門後池,桃園縣,龍潭鄉,121.2361,24.8192,0,0,0,0,0,0,0,十河局,2014-12-14 10:10:00
C0F9I0,神岡,臺中市,神岡區,120.6503,24.2742,0,0,0,0,0,0,0,局屬無人測站,2014-12-14 10:10:00
C0AC40,大屯山,臺北市,北投區,121.5142,25.1773,0,0,0.5,0.5,0.5,0.5,0.5,局屬無人測站,2014-12-14 10:10:00
C0U770,南澳,宜蘭縣,南澳鄉,121.8020,24.4512,0,0,0,0,0,0,0,局屬無人測站,2014-12-14 10:10:00
C0U760,東澳,宜蘭縣,南澳鄉,121.8249,24.5237,0,0,0,0,0,0,0,局屬無人測站,2014-12-14 10:10:00
C0T9D0,和中,花蓮縣,秀林鄉,121.7333,24.2681,0,0,0,0,0,0,0,局屬無人測站,2014-12-14 10:10:00
C0T9C0,富世,花蓮縣,秀林鄉,121.6219,24.1497,0,0,0,0,0,0,0,局屬無人測站,2014-12-14 10:10:00
C0T9F0,水璉,花蓮縣,壽豐鄉,121.5342,23.7989,0,0,0,0,0,0,0,局屬無人測站,2014-12-14 10:10:00
C0T9I0,豐濱,花蓮縣,豐濱鄉,121.5058,23.5803,0,0,0,0,0,1,0,局屬無人測站,2014-12-14 10:10:00
C0T9H0,加路蘭山,花蓮縣,豐濱鄉,121.5189,23.6842,0,0,0,0.5,0.5,2.5,0.5,局屬無人測站,2014-12-14 10:10:00
C0T9E0,大坑,花蓮縣,壽豐鄉,121.5819,23.8806,0,0,0,0.5,0.5,1.5,0.5,局屬無人測站,2014-12-14 10:10:00
C0T9G0,鳳林山,花蓮縣,鳳林鎮,121.4214,23.7478,0,0,0,0,0,0,0,局屬無人測站,2014-12-14 10:10:00
C1S820,金峰,臺東縣,金峰鄉,120.9252,22.5928,0,0,0,0,0,0,0,局屬無人測站,2014-12-14 10:10:00
C0S790,金崙,臺東縣,太麻里鄉,120.9589,22.5400,0,0,0,0,0,0,0,局屬無人測站,2014-12-14 10:10:00
C0S840,南田,臺東縣,達仁鄉,120.8819,22.2919,0,0,0,0,0,0,0,局屬無人測站,2014-12-14 10:10:00
C1S800,華源,臺東縣,太麻里鄉,121.0156,22.6597,0,0,0,0,0,0,0,局屬無人測站,2014-12-14 10:10:00
C0U750,龜山島,宜蘭縣,頭城鎮,121.9531,24.8414,0,0,0,0,0,0,0,局屬無人測站,2014-12-14 10:10:00
C1M620,瑞里,嘉義縣,梅山鄉,120.6670,23.5469,0,0,0,0,1,1,1,局屬無人測站,2014-12-14 10:10:00
C1M610,石磐龍,嘉義縣,竹崎鄉,120.6550,23.4981,0,0,0.5,0.5,2.5,4,1.5,局屬無人測站,2014-12-14 10:10:00
C1M600,頭凍,嘉義縣,番路鄉,120.5953,23.4081,0,0,0,0,1.5,2,0.5,局屬無人測站,2014-12-14 10:10:00
C1K380,山豬湖,雲林縣,古坑鄉,120.5931,23.5886,0,0,0,0,1.5,1.5,1.5,局屬無人測站,2014-12-14 10:10:00
C1I350,東埔,南投縣,信義鄉,120.9167,23.5581,0,0,0,0,0,0,0,局屬無人測站,2014-12-14 10:10:00
C1I340,新興橋,南投縣,信義鄉,120.8597,23.5658,0,0,0,0,0,0.5,0,局屬無人測站,2014-12-14 10:10:00
C1I330,楓樹林,南投縣,仁愛鄉,121.0681,23.9886,0,0,0,0,0,0,0,局屬無人測站,2014-12-14 10:10:00
C1I320,奧萬大,南投縣,仁愛鄉,121.1706,23.9547,0,0,0,0,0,0,0,局屬無人測站,2014-12-14 10:10:00
C1I310,西巒,南投縣,信義鄉,120.8756,23.7564,0,0,0,0,0.5,1,0.5,局屬無人測站,2014-12-14 10:10:00
C1I300,上安橋,南投縣,水里鄉,120.8658,23.7303,0,0,0,0,0,0,0,局屬無人測站,2014-12-14 10:10:00
C1I290,豐丘,南投縣,信義鄉,120.8789,23.6700,0,0,0,0,0,0,0,局屬無人測站,2014-12-14 10:10:00
C1I280,埔中,南投縣,名間鄉,120.6347,23.8225,0,0,0,0,0.5,0.5,0.5,局屬無人測站,2014-12-14 10:10:00
C1I270,水里,南投縣,水里鄉,120.8458,23.8339,0,0,0,0,0.5,0.5,0.5,局屬無人測站,2014-12-14 10:10:00
C1I260,北坑,南投縣,埔里鎮,120.9989,23.9264,0,0,0,0,1,1,0.5,局屬無人測站,2014-12-14 10:10:00
C1I190,水長流,南投縣,國姓鄉,120.8525,24.0636,0,0,0,0,0,0,0,局屬無人測站,2014-12-14 10:10:00
C1I250,埔里,南投縣,埔里鎮,120.9831,23.9639,0,0,0,0,0.5,0.5,0.5,局屬無人測站,2014-12-14 10:10:00
C1I240,外大坪,南投縣,埔里鎮,120.9097,23.9606,0,0,0,0,0,0.5,0,局屬無人測站,2014-12-14 10:10:00
C1I220,樟湖,南投縣,國姓鄉,120.8392,23.9069,0,0,0.5,0.5,1,1,1,局屬無人測站,2014-12-14 10:10:00
C1I211,蘆竹湳,南投縣,中寮鄉,120.8039,23.9358,0,0,0,0,0,0,0,局屬無人測站,2014-12-14 10:10:00
C1I201,中心崙,南投縣,竹山鎮,120.7042,23.7303,0,0,0,0,0.5,0.5,0.5,局屬無人測站,2014-12-14 10:10:00
C1F9H1,烏石坑,臺中市,和平區,120.9375,24.2808,0,0,0,0,0.5,0.5,0.5,局屬無人測站,2014-12-14 10:10:00
C1F9G1,慶福山,臺中市,東勢區,120.8397,24.1828,0,0,0,0,0,0,0,局屬無人測站,2014-12-14 10:10:00
C1E721,泰安,苗栗縣,泰安鄉,120.9594,24.4906,0,0,0,0,0,0,0,局屬無人測站,2014-12-14 10:10:00
C1E711,馬拉邦山,苗栗縣,大湖鄉,120.8933,24.3692,0,0,0,0,0,0,0,局屬無人測站,2014-12-14 10:10:00
C1E701,八卦,苗栗縣,泰安鄉,120.9194,24.4936,0,0,0,0,0,0,0,局屬無人測站,2014-12-14 10:10:00
C1E691,南湖,苗栗縣,大湖鄉,120.8294,24.4028,0,0,0,0,0,0,0,局屬無人測站,2014-12-14 10:10:00
C1E681,南勢山,苗栗縣,泰安鄉,120.9156,24.4236,0,0,0,0,0,0,0,局屬無人測站,2014-12-14 10:10:00
C1F9F1,伯公龍,臺中市,東勢區,120.8411,24.2742,0,0,0,0,0,0,0,局屬無人測站,2014-12-14 10:10:00
C1F9E1,龍安,臺中市,新社區,120.8239,24.1619,0,0,0,0,0,0,0,局屬無人測站,2014-12-14 10:10:00
C1F9D1,白毛台,臺中市,新社區,120.8789,24.1600,0,0,0,0,0,0,0,局屬無人測站,2014-12-14 10:10:00
C1F9C1,白冷,臺中市,和平區,120.9217,24.1844,0,0,0,0,0,0,0,局屬無人測站,2014-12-14 10:10:00
C1F9B1,桐林,臺中市,霧峰區,120.7272,24.0681,0,0,0,0,0,0,0,局屬無人測站,2014-12-14 10:10:00
C1F9J1,清水林,臺中市,太平區,120.8122,24.0733,0,0,0,0,0.5,0.5,0.5,局屬無人測站,2014-12-14 10:10:00
C0F9A0,中竹林,臺中市,太平區,120.7433,24.1056,0,0,0,0,0,0,0,局屬無人測站,2014-12-14 10:10:00
C1E670,南礦,苗栗縣,南庄鄉,120.9947,24.5403,0,0,0,0,0,0.5,0,局屬無人測站,2014-12-14 10:10:00
C0T9B0,水源,花蓮縣,秀林鄉,121.5292,23.9936,0,0,0,0,0,0.5,0,局屬無人測站,2014-12-14 10:10:00
C0T9A0,月眉山,花蓮縣,壽豐鄉,121.5403,23.8258,0,0,0,0,0,0.5,0,局屬無人測站,2014-12-14 10:10:00
C0T790,大禹嶺,花蓮縣,秀林鄉,121.3078,24.1879,0,0,0,0,0,0,0,局屬無人測站,2014-12-14 10:10:00
C1A9N0,四十份,新北市,新店區,121.5850,24.9358,0,0,0,0,0,0,0,局屬無人測站,2014-12-14 10:10:00
C0AC60,三峽,新北市,三峽區,121.3615,24.9408,0,0,0,0,0,0,0,局屬無人測站,2014-12-14 10:10:00
C0AH00,汐止,新北市,汐止區,121.6506,25.0687,0,0,0,0,0,0,0,局屬無人測站,2014-12-14 10:10:00
C0A550,泰平,新北市,雙溪區,121.8153,24.9731,0,0,0.5,0.5,0.5,0.5,0.5,局屬無人測站,2014-12-14 10:10:00
C0A540,四堵,新北市,坪林區,121.7375,24.8939,0,0,0,0,0,0,0,局屬無人測站,2014-12-14 10:10:00
C0A530,坪林,新北市,坪林區,121.7014,24.9397,0,0,0,0,0,0,0,局屬無人測站,2014-12-14 10:10:00
C1R290,石門山,屏東縣,牡丹鄉,120.7417,22.1167,0,0,0,0,0,0,0,局屬無人測站,2014-12-14 10:10:00
C0R420,牡丹池山,屏東縣,牡丹鄉,120.8325,22.1696,0,0,0,0,0,0,0,局屬無人測站,2014-12-14 10:10:00
C0A9I1,三重,新北市,三重區,121.4813,25.0585,0,0,0,0,0,0,0,局屬無人測站,2014-12-14 10:10:00
C0AC70,信義,臺北市,信義區,121.5564,25.0396,0,0,0,0,0,0,0,局屬無人測站,2014-12-14 10:10:00
C0A9G0,南港,臺北市,南港區,121.5947,25.0575,0,0,0,0,0,0,0,局屬無人測站,2014-12-14 10:10:00
C0A9F0,內湖,臺北市,內湖區,121.5672,25.0812,0,0,0,0,0,0,0,局屬無人測站,2014-12-14 10:10:00
C0A9E0,士林,臺北市,士林區,121.4948,25.0920,0,0,0,0,0,0,0,局屬無人測站,2014-12-14 10:10:00
C0A9C0,天母,臺北市,士林區,121.5289,25.1193,0,0,0,0,0,0,0,局屬無人測站,2014-12-14 10:10:00
C0A9B0,石牌,臺北市,北投區,121.5059,25.1176,0,0,0,0,0,0,0,局屬無人測站,2014-12-14 10:10:00
C0A9A0,大直,臺北市,中山區,121.5347,25.0797,0,0,0,0,0,0,0,局屬無人測站,2014-12-14 10:10:00
C0A980,社子,臺北市,士林區,121.4614,25.1114,0,0,0,0,0,0,0,局屬無人測站,2014-12-14 10:10:00
C0R400,楓港,屏東縣,枋山鄉,120.6847,22.1917,0,0,0,0,0,0,0,局屬無人測站,2014-12-14 10:10:00
C0R380,枋寮,屏東縣,枋寮鄉,120.5816,22.3712,0,0,0,0,0,0,0,局屬無人測站,2014-12-14 10:10:00
C0R360,墾丁,屏東縣,恆春鎮,120.7942,21.9478,0,0,0,0,0,0,0,局屬無人測站,2014-12-14 10:10:00
C0R270,琉球嶼,屏東縣,琉球鄉,120.3542,22.3340,0,0,0,0,0,0,0,局屬無人測站,2014-12-14 10:10:00
C0R350,貓鼻頭,屏東縣,恆春鎮,120.7281,21.9244,0,0,0,0,0,0,0,局屬無人測站,2014-12-14 10:10:00
C1R340,牡丹,屏東縣,牡丹鄉,120.8297,22.1942,0,0,0,0,0,0,0,局屬無人測站,2014-12-14 10:10:00
C1R330,枋山,屏東縣,枋山鄉,120.6531,22.2486,0,0,0,0,0,0,0,局屬無人測站,2014-12-14 10:10:00
C1R320,車城,屏東縣,車城鄉,120.7081,22.0758,0,0,0,0,0,0,0,局屬無人測站,2014-12-14 10:10:00
C1R310,壽卡,屏東縣,牡丹鄉,120.8511,22.2417,0,0,0,0,0,0,0,局屬無人測站,2014-12-14 10:10:00
C1R300,旭海,屏東縣,牡丹鄉,120.8786,22.1978,0,0,0,0,0,0,0,局屬無人測站,2014-12-14 10:10:00
C0R280,檳榔,屏東縣,滿州鄉,120.8283,22.0706,0,0,0,0,0,0,0,局屬無人測站,2014-12-14 10:10:00
C1R250,力里,屏東縣,春日鄉,120.6212,22.4298,0,0,0,0,0,0,0,局屬無人測站,2014-12-14 10:10:00
C0Z070,舞鶴,花蓮縣,瑞穗鄉,121.3658,23.4697,0,0,0,0,0,0,0,局屬無人測站,2014-12-14 10:10:00
C0S770,大溪山,臺東縣,太麻里鄉,120.9353,22.4800,0,0,0,0,0,0,0,局屬無人測站,2014-12-14 10:10:00
C0Z061,玉里,花蓮縣,玉里鎮,121.3316,23.3233,0,0,0,0,0,0,0,局屬無人測站,2014-12-14 10:10:00
C0Z050,佳心,花蓮縣,卓溪鄉,121.2050,23.3469,0,0,0,0,0,0,0,局屬無人測站,2014-12-14 10:10:00
C0S750,向陽,臺東縣,海端鄉,120.9781,23.2500,0,0,0,0.5,0.5,0.5,0.5,局屬無人測站,2014-12-14 10:10:00
C0S740,池上,臺東縣,池上鄉,121.2017,23.1214,0,0,0,0,0,0,0,局屬無人測站,2014-12-14 10:10:00
C0S730,綠島,臺東縣,綠島鄉,121.4753,22.6539,0,0,2,2.5,3,3.5,2.5,局屬無人測站,2014-12-14 10:10:00
C0T9M0,靜浦,花蓮縣,豐濱鄉,121.4867,23.4569,0,0,0,0,0,0,0,局屬無人測站,2014-12-14 10:10:00
C0S710,鹿野,臺東縣,鹿野鄉,121.1147,22.9186,0,0,0,0,0,0,0,局屬無人測站,2014-12-14 10:10:00
C0S700,知本,臺東縣,卑南鄉,120.9976,22.6867,0,0,0,0,0,0,0,局屬無人測站,2014-12-14 10:10:00
C0S690,太麻里,臺東縣,太麻里鄉,120.9858,22.6103,0,0,0,0,0,0,0,局屬無人測站,2014-12-14 10:10:00
C0S680,紅葉山,臺東縣,延平鄉,121.0311,22.9217,0,0,0,0,0,1,0,局屬無人測站,2014-12-14 10:10:00
C1S670,摩天,臺東縣,海端鄉,121.0192,23.2011,0,0,0,0,0,0.5,0,局屬無人測站,2014-12-14 10:10:00
C1Z040,立山,花蓮縣,卓溪鄉,121.3192,23.4450,0,0,0,0,0,0,0,局屬無人測站,2014-12-14 10:10:00
C1Z030,紅葉,花蓮縣,萬榮鄉,121.3306,23.4950,0,0,0,0,0,0,0,局屬無人測站,2014-12-14 10:10:00
C0Z020,明里,花蓮縣,富里鄉,121.2542,23.2106,0,0,0,0,0,0,0,局屬無人測站,2014-12-14 10:10:00
C1Z010,卓樂,花蓮縣,卓溪鄉,121.2636,23.2989,0,0,0,0,0,0,0,局屬無人測站,2014-12-14 10:10:00
C1T990,高寮,花蓮縣,玉里鎮,121.3486,23.3961,0,0,0,0,0,0,0,局屬無人測站,2014-12-14 10:10:00
C1S660,下馬,臺東縣,海端鄉,121.0622,23.1522,0,0,0,0,0,0.5,0,局屬無人測站,2014-12-14 10:10:00
C0S830,長濱,臺東縣,長濱鄉,121.4039,23.2886,0,0,0,0,0,0,0,局屬無人測站,2014-12-14 10:10:00
C0S810,東河,臺東縣,東河鄉,121.2983,22.9736,0,0,0,0,0,0,0,局屬無人測站,2014-12-14 10:10:00
C1S630,都蘭,臺東縣,東河鄉,121.2208,22.8797,0,0,0,0,0,0,0,局屬無人測站,2014-12-14 10:10:00
C1S620,土阪,臺東縣,達仁鄉,120.8794,22.4547,0,0,0,0,0,0,0,局屬無人測站,2014-12-14 10:10:00
C0T960,光復,花蓮縣,光復鄉,121.4168,23.6625,0,0,0,0,0,0,0,局屬無人測站,2014-12-14 10:10:00
C0T870,鯉魚潭,花蓮縣,壽豐鄉,121.5008,23.9374,0,0,0,0,0,0.5,0,局屬無人測站,2014-12-14 10:10:00
C0T841,新城,花蓮縣,新城鄉,121.6013,24.0397,0,0,0,0,0,0.5,0,局屬無人測站,2014-12-14 10:10:00
C0T820,天祥,花蓮縣,秀林鄉,121.4875,24.1814,0,0,0,0,0,0,0,局屬無人測站,2014-12-14 10:10:00
C1T890,壽豐,花蓮縣,壽豐鄉,121.4997,23.8711,0,0,0,0,0,0,0,局屬無人測站,2014-12-14 10:10:00
C1T830,布洛灣,花蓮縣,秀林鄉,121.5797,24.1736,0,0,0,0,0,0,0,局屬無人測站,2014-12-14 10:10:00
C1T930,鳳林,花蓮縣,鳳林鎮,121.4375,23.7453,0,0,0,0,0,0,0,局屬無人測站,2014-12-14 10:10:00
C1T970,大農,花蓮縣,光復鄉,121.4052,23.6170,0,0,0,0,0,0.5,0,局屬無人測站,2014-12-14 10:10:00
C1T950,太安,花蓮縣,萬榮鄉,121.3619,23.6686,0,0,0,0,0,1.5,0,局屬無人測站,2014-12-14 10:10:00
C1T940,大觀,花蓮縣,萬榮鄉,121.3650,23.7161,0,0,0,0,0,0,0,局屬無人測站,2014-12-14 10:10:00
C1T910,東壙,花蓮縣,萬榮鄉,121.3969,23.8556,0,0,0,0,0,0,0,局屬無人測站,2014-12-14 10:10:00
C0T900,西林,花蓮縣,萬榮鄉,121.4332,23.8137,0,0,0,0,0,0,0,局屬無人測站,2014-12-14 10:10:00
C1T920,中興,花蓮縣,壽豐鄉,121.4905,23.7713,0,0,0,0,0,0,0,局屬無人測站,2014-12-14 10:10:00
C1T860,銅門,花蓮縣,秀林鄉,121.4845,23.9678,0,0,0,0,0,0,0,局屬無人測站,2014-12-14 10:10:00
C1T980,龍澗,花蓮縣,秀林鄉,121.4033,24.0250,0,0,0,0,0,2,0,局屬無人測站,2014-12-14 10:10:00
C1T850,吉安,花蓮縣,吉安鄉,121.5547,23.9753,0,0,0,0,0,0,0,局屬無人測站,2014-12-14 10:10:00
C1T800,洛韶,花蓮縣,秀林鄉,121.4458,24.2064,0,0,0,0,0,1,0,局屬無人測站,2014-12-14 10:10:00
C1T810,慈恩,花蓮縣,秀林鄉,121.3803,24.1939,0,0,0,0.5,1,1,0.5,局屬無人測站,2014-12-14 10:10:00
C0U730,思源,宜蘭縣,大同鄉,121.3486,24.3989,0,0,0,0,0,0.5,0,局屬無人測站,2014-12-14 10:10:00
C0U710,太平山,宜蘭縣,大同鄉,121.5175,24.5072,0,0,0,0,0,0,0,局屬無人測站,2014-12-14 10:10:00
C0U650,玉蘭,宜蘭縣,大同鄉,121.5789,24.6772,0,0,1.5,2.5,5,6,4.5,局屬無人測站,2014-12-14 10:10:00
C0U640,羅東,宜蘭縣,羅東鎮,121.7406,24.6850,0,0,0,0,0,0,0,局屬無人測站,2014-12-14 10:10:00
C0U600,礁溪,宜蘭縣,礁溪鄉,121.7592,24.8203,0,0,0,0,0,0,0,局屬無人測站,2014-12-14 10:10:00
C0A970,三貂角,新北市,貢寮區,121.9939,25.0094,0,0,0,0,0,0,0,局屬無人測站,2014-12-14 10:10:00
C0U520,雙連埤,宜蘭縣,員山鄉,121.6331,24.7547,0,0,0,0,0.5,1,0.5,局屬無人測站,2014-12-14 10:10:00
C1U511,古魯,宜蘭縣,大同鄉,121.6633,24.5733,0,0,0,0.5,2,3.5,1.5,局屬無人測站,2014-12-14 10:10:00
C1U670,寒溪,宜蘭縣,冬山鄉,121.7083,24.6361,0,0,0,0,0.5,1,0.5,局屬無人測站,2014-12-14 10:10:00
C1U580,北關,宜蘭縣,頭城鎮,121.8653,24.9092,0,0,0,0,0,0,0,局屬無人測站,2014-12-14 10:10:00
C1U630,再連,宜蘭縣,員山鄉,121.6711,24.7169,0,0,0,0,0,0,0,局屬無人測站,2014-12-14 10:10:00
C1U610,大礁溪,宜蘭縣,礁溪鄉,121.6700,24.7878,0,0,0,0,0,0,0,局屬無人測站,2014-12-14 10:10:00
C0U620,壯圍,宜蘭縣,壯圍鄉,121.7814,24.7456,0,0,0,0,0,0,0,局屬無人測站,2014-12-14 10:10:00
C1U590,頭城,宜蘭縣,頭城鎮,121.8064,24.8539,0,0.5,0.5,0.5,0.5,0.5,0.5,局屬無人測站,2014-12-14 10:10:00
C1U660,三星,宜蘭縣,三星鄉,121.6461,24.6725,0,0,0,0,0.5,0.5,0.5,局屬無人測站,2014-12-14 10:10:00
C0U680,冬山,宜蘭縣,冬山鄉,121.7853,24.6342,0,0,0,0,0,0,0,局屬無人測站,2014-12-14 10:10:00
C1U690,新寮,宜蘭縣,冬山鄉,121.7431,24.6275,0,0,0,0,0.5,0.5,0.5,局屬無人測站,2014-12-14 10:10:00
C1U720,南山,宜蘭縣,大同鄉,121.3733,24.4392,0,0,0,0,0,1,0,局屬無人測站,2014-12-14 10:10:00
C0A940,金山,新北市,金山區,121.6356,25.2253,0,0,0,0,0,0,0,局屬無人測站,2014-12-14 10:10:00
C0A930,三和,新北市,金山區,121.5870,25.2349,0,0.5,0.5,0.5,0.5,0.5,0.5,局屬無人測站,2014-12-14 10:10:00
C0A890,雙溪,新北市,雙溪區,121.8561,25.0379,0,0.5,0.5,0.5,0.5,0.5,0.5,局屬無人測站,2014-12-14 10:10:00
C0A880,福隆,新北市,貢寮區,121.9342,25.0192,0,0,0,0,0,0,0,局屬無人測站,2014-12-14 10:10:00
C0A870,五指山,新北市,汐止區,121.6003,25.1339,0,0,0,0,0,0,0,局屬無人測站,2014-12-14 10:10:00
C0A860,大坪,新北市,萬里區,121.6248,25.1677,0,0.5,0.5,0.5,0.5,0.5,0.5,局屬無人測站,2014-12-14 10:10:00
C0A950,鼻頭角,新北市,瑞芳區,121.9153,25.1308,0,0,0,0,0,0,0,局屬無人測站,2014-12-14 10:10:00
C0A920,富貴角,新北市,石門區,121.5573,25.2656,0,0,0,0,0,0,0,局屬無人測站,2014-12-14 10:10:00
C0O910,新營,臺南市,柳營區,120.3139,23.2942,0,0,0,0,0,0,0,局屬無人測站,2014-12-14 10:10:00
C0X080,佳里,臺南市,佳里區,120.1367,23.1750,0,0,0,0,0,0,0,局屬無人測站,2014-12-14 10:10:00
C0K291,宜梧,雲林縣,口湖鄉,120.1610,23.5374,0,0,0,0,0,0,0,局屬無人測站,2014-12-14 10:10:00
C0K280,四湖,雲林縣,四湖鄉,120.2172,23.6311,0,0,0,0,0,0,0,局屬無人測站,2014-12-14 10:10:00
C0K330,虎尾,雲林縣,虎尾鎮,120.4325,23.7214,0,0,0,0,0,0,0,局屬無人測站,2014-12-14 10:10:00
C0M530,奮起湖,嘉義縣,竹崎鄉,120.6911,23.4958,0,0,0,0,2.5,3.5,1.5,局屬無人測站,2014-12-14 10:10:00
C0X020,關子嶺,臺南市,白河區,120.5036,23.3289,0,0,0,0,0,0,0,局屬無人測站,2014-12-14 10:10:00
C0K300,大埔,雲林縣,古坑鄉,120.5972,23.6431,0,0,0,0,0.5,0.5,0.5,局屬無人測站,2014-12-14 10:10:00
C1I140,卡奈托灣,南投縣,信義鄉,121.0797,23.7561,0,0,0,0.5,0.5,0.5,0.5,局屬無人測站,2014-12-14 10:10:00
C1I150,青雲,南投縣,信義鄉,120.9411,23.8008,0,0,0,0,0,0,0,局屬無人測站,2014-12-14 10:10:00
C1I170,集集,南投縣,集集鎮,120.7669,23.8283,0,0,0,0,0,0,0,局屬無人測站,2014-12-14 10:10:00
C1I160,龍神橋,南投縣,水里鄉,120.8636,23.7817,0,0,0,0,0,0,0,局屬無人測站,2014-12-14 10:10:00
C1V460,楠溪,高雄市,桃源區,120.8844,23.4381,0,0,0,0,0,0,0,局屬無人測站,2014-12-14 10:10:00
C1M570,大湖,嘉義縣,番路鄉,120.6125,23.4767,0,0,0,0,1,1.5,0.5,局屬無人測站,2014-12-14 10:10:00
C1M480,樟腦寮,嘉義縣,竹崎鄉,120.5994,23.5386,0,0,0,0,2.5,2.5,2,局屬無人測站,2014-12-14 10:10:00
C1X050,東河,臺南市,東山區,120.3772,23.2986,0,0,0,0,0,0,0,局屬無人測站,2014-12-14 10:10:00
C1X030,白河,臺南市,白河區,120.4208,23.3264,0,0,0,0,0,0,0,局屬無人測站,2014-12-14 10:10:00
C1M520,東後寮,嘉義縣,義竹鄉,120.2403,23.3714,0,0,0,0,0,0,0,局屬無人測站,2014-12-14 10:10:00
C1X090,七股,臺南市,七股區,120.1381,23.1436,0,0,0,0,0,0,0,局屬無人測站,2014-12-14 10:10:00
C1X060,下營,臺南市,下營區,120.2481,23.2269,0,0,0,0,0,0,0,局屬無人測站,2014-12-14 10:10:00
C1X070,北門,臺南市,北門區,120.1164,23.2700,0,0,0,0,0,0,0,局屬無人測站,2014-12-14 10:10:00
C1X010,岸內,臺南市,鹽水區,120.2522,23.3317,0,0,0,0,0,0,0,局屬無人測站,2014-12-14 10:10:00
C1M560,南靖,嘉義縣,水上鄉,120.3772,23.4136,0,0,0,0,0,0,0,局屬無人測站,2014-12-14 10:10:00
C1M551,中埔,嘉義縣,中埔鄉,120.5122,23.4253,0,0,0,0,0,0,0,局屬無人測站,2014-12-14 10:10:00
C1M500,魚寮,嘉義縣,太保市,120.3539,23.4803,0,0,0,0,0,0,0,局屬無人測站,2014-12-14 10:10:00
C1M470,鰲鼓,嘉義縣,東石鄉,120.1403,23.5072,0,0,0,0,0,0,0,局屬無人測站,2014-12-14 10:10:00
C1K350,北港,雲林縣,北港鎮,120.2867,23.5706,0,0,0,0,0,0,0,局屬無人測站,2014-12-14 10:10:00
C1M510,朴子,嘉義縣,朴子市,120.2494,23.4714,0,0,0,0,0,0,0,局屬無人測站,2014-12-14 10:10:00
C1K310,斗六,雲林縣,斗六市,120.5081,23.7072,0,0,0,0,0,0,0,局屬無人測站,2014-12-14 10:10:00
C1M490,內埔,嘉義縣,竹崎鄉,120.5561,23.4875,0,0,0,0,0,0,0,局屬無人測站,2014-12-14 10:10:00
C1K320,阿丹,雲林縣,斗南鎮,120.5036,23.6597,0,0,0,0,0,0,0,局屬無人測站,2014-12-14 10:10:00
C1M450,中坑,嘉義縣,大林鎮,120.5175,23.5631,0,0,0,0,0,0,0,局屬無人測站,2014-12-14 10:10:00
C1K260,後安寮,雲林縣,麥寮鄉,120.2250,23.7911,0,0,0,0,0,0,0,局屬無人測站,2014-12-14 10:10:00
C1M460,溪口,嘉義縣,溪口鄉,120.3961,23.6058,0,0,0,0,0,0,0,局屬無人測站,2014-12-14 10:10:00
C1K340,土庫,雲林縣,土庫鎮,120.3817,23.6900,0,0,0,0,0,0,0,局屬無人測站,2014-12-14 10:10:00
C1K270,褒忠,雲林縣,褒忠鄉,120.2997,23.7067,0,0,0,0,0,0,0,局屬無人測站,2014-12-14 10:10:00
C1K250,崙背,雲林縣,崙背鄉,120.3108,23.7575,0,0,0,0,0,0,0,局屬無人測站,2014-12-14 10:10:00
C1X040,東原,臺南市,東山區,120.4553,23.2931,0,0,0,0,0,0,0,局屬無人測站,2014-12-14 10:10:00
C1M540,小公田,嘉義縣,番路鄉,120.5728,23.3636,0,0,0,0,0.5,1,0.5,局屬無人測站,2014-12-14 10:10:00
C0I010,廬山,南投縣,仁愛鄉,121.1733,24.0350,0,0,0,0,0,0,0,局屬無人測站,2014-12-14 10:10:00
C0H990,昆陽,南投縣,仁愛鄉,121.2654,24.1231,0,0,0,0,0,0,0,局屬無人測站,2014-12-14 10:10:00
C1I050,丹大,南投縣,信義鄉,121.1328,23.7556,0,0,0,0,0,0,0,局屬無人測站,2014-12-14 10:10:00
C1I060,望鄉,南投縣,信義鄉,120.9201,23.6209,0,0,0,0,0,0.5,0,局屬無人測站,2014-12-14 10:10:00
C1I080,信義,南投縣,信義鄉,120.8428,23.6914,0,0,0,0,0,0,0,局屬無人測站,2014-12-14 10:10:00
C1I070,和社,南投縣,信義鄉,120.8808,23.5925,0,0,0,0,0,0,0,局屬無人測站,2014-12-14 10:10:00
C1I020,萬大,南投縣,仁愛鄉,121.1236,23.9814,0,0,0,0,0,0,0,局屬無人測站,2014-12-14 10:10:00
C1H000,翠峰,南投縣,仁愛鄉,121.1967,24.1108,0,0,0,0,0,0,0,局屬無人測站,2014-12-14 10:10:00
C1I040,文文社,南投縣,仁愛鄉,121.0128,23.8267,0,0,0,0,0.5,0.5,0,局屬無人測站,2014-12-14 10:10:00
C1I030,武界,南投縣,仁愛鄉,121.0442,23.9147,0,0,0,0,0,0,0,局屬無人測站,2014-12-14 10:10:00
C0G650,員林,彰化縣,員林鎮,120.5775,23.9483,0,0,0,0,0,0,0,局屬無人測站,2014-12-14 10:10:00
C0G640,鹿港,彰化縣,鹿港鎮,120.4222,24.0769,0,0,0,0,0,0,0,局屬無人測站,2014-12-14 10:10:00
C0I090,鳳凰,南投縣,鹿谷鄉,120.7792,23.7297,0,0,0,0,0.5,0.5,0.5,局屬無人測站,2014-12-14 10:10:00
C0G710,臺西,彰化縣,大城鄉,120.2719,23.8506,0,0,0,0,0,0,0,局屬無人測站,2014-12-14 10:10:00
C0K240,草嶺,雲林縣,古坑鄉,120.6933,23.5956,0,0,0,0,0,0,0,局屬無人測站,2014-12-14 10:10:00
C0I110,竹山,南投縣,竹山鎮,120.6778,23.7647,0,0,0,0,0,0,0,局屬無人測站,2014-12-14 10:10:00
C0F000,大肚,臺中市,大肚區,120.5640,24.1547,0,0,0,0,0,0,0,局屬無人測站,2014-12-14 10:10:00
C1G700,中西,彰化縣,二林鎮,120.3439,23.8839,0,0,0,0,0,0,0,局屬無人測站,2014-12-14 10:10:00
C1G670,溪州,彰化縣,溪州鄉,120.4881,23.8500,0,0,0,0,0,0,0,局屬無人測站,2014-12-14 10:10:00
C0G660,溪湖,彰化縣,溪湖鎮,120.4711,23.9518,0,0,0,0,0,0,0,局屬無人測站,2014-12-14 10:10:00
C1G631,彰化,彰化縣,彰化市,120.5469,24.0806,0,0,0,0,0,0,0,局屬無人測站,2014-12-14 10:10:00
C0F990,橫山,臺中市,大雅區,120.5993,24.2209,0,0,0,0,0,0,0,局屬無人測站,2014-12-14 10:10:00
C1G690,下水埔,彰化縣,溪州鄉,120.5594,23.8178,0,0,0,0,0,0,0,局屬無人測站,2014-12-14 10:10:00
C1K230,西螺,雲林縣,西螺鎮,120.4444,23.8064,0,0,0,0,0,0,0,局屬無人測站,2014-12-14 10:10:00
C1I101,溪頭,南投縣,鹿谷鄉,120.7992,23.6631,0,0,0,0,0,0,0,局屬無人測站,2014-12-14 10:10:00
C1I131,桶頭,南投縣,竹山鎮,120.6456,23.6442,0,0,0,0,0,0,0,局屬無人測站,2014-12-14 10:10:00
C1I121,大鞍,南投縣,竹山鎮,120.7517,23.6803,0,0,0,0,0,0.5,0,局屬無人測站,2014-12-14 10:10:00
C0H9A0,神木村,南投縣,信義鄉,120.8347,23.5361,0,0,0,0,0,0,0,局屬無人測站,2014-12-14 10:10:00
C0H960,草屯,南投縣,草屯鎮,120.6722,23.9754,0,0,0,0,0,0,0,局屬無人測站,2014-12-14 10:10:00
C1H971,六分寮,南投縣,南投市,120.6302,23.9266,0,0,0,0,0,0,0,局屬無人測站,2014-12-14 10:10:00
C0G620,芬園,彰化縣,芬園鄉,120.6131,24.0172,0,0,0,0,0,0,0,局屬無人測站,2014-12-14 10:10:00
C0F970,大坑,臺中市,北屯區,120.7141,24.1749,0,0,0,0,0,0,0,局屬無人測站,2014-12-14 10:10:00
C1H870,仁愛,南投縣,仁愛鄉,121.1228,24.0206,0,0,0,0,0,0,0,局屬無人測站,2014-12-14 10:10:00
C1H860,瑞岩,南投縣,仁愛鄉,121.1750,24.1256,0,0,0,0,0.5,0.5,0.5,局屬無人測站,2014-12-14 10:10:00
C1H850,翠巒,南投縣,仁愛鄉,121.2186,24.1944,0,0,0,0,0,0,0,局屬無人測站,2014-12-14 10:10:00
C0H950,中寮,南投縣,中寮鄉,120.7585,23.8863,0,0,0,0,0,0,0,局屬無人測站,2014-12-14 10:10:00
C1H910,魚池,南投縣,魚池鄉,120.9206,23.9028,0,0,0,0,0.5,0.5,0.5,局屬無人測站,2014-12-14 10:10:00
C1H930,北山,南投縣,國姓鄉,120.8664,23.9872,0,0,0,0,0,0,0,局屬無人測站,2014-12-14 10:10:00
C1H890,大肚城,南投縣,埔里鎮,120.9442,23.9722,0,0,0,0,0,0,0,局屬無人測站,2014-12-14 10:10:00
C1H941,雙冬,南投縣,草屯鎮,120.7942,23.9692,0,0,0,0,0,0,0,局屬無人測站,2014-12-14 10:10:00
C1H920,長福,南投縣,國姓鄉,120.8717,24.1039,0,0,0,0,0,0,0,局屬無人測站,2014-12-14 10:10:00
C1H900,清流,南投縣,仁愛鄉,120.9547,24.0828,0,0,0,0,0.5,0.5,0.5,局屬無人測站,2014-12-14 10:10:00
C1H880,凌霄,南投縣,埔里鎮,121.0066,24.0186,0,0,0,0,1,1,1,局屬無人測站,2014-12-14 10:10:00
C0R220,潮州,屏東縣,潮州鎮,120.5320,22.5361,0,0,0,0,0,0,0,局屬無人測站,2014-12-14 10:10:00
C0V250,甲仙,高雄市,甲仙區,120.5825,23.0817,0,0,0,0,0,0,0,局屬無人測站,2014-12-14 10:10:00
C0R150,三地門,屏東縣,內埔鄉,120.6319,22.7117,0,0,0,0,0,0,0,局屬無人測站,2014-12-14 10:10:00
C0R100,尾寮山,屏東縣,三地門鄉,120.6758,22.8349,0,0,0,0,0,0.5,0,局屬無人測站,2014-12-14 10:10:00
C0V310,美濃,高雄市,美濃區,120.5111,22.9006,0,0,0,0,0,0,0,局屬無人測站,2014-12-14 10:10:00
C0V370,古亭坑,高雄市,田寮區,120.3939,22.8950,0,0,0,0,0,0,0,局屬無人測站,2014-12-14 10:10:00
C1V160,民生,高雄市,那瑪夏區,120.6972,23.2817,0,0,0,0,0,1,0,局屬無人測站,2014-12-14 10:10:00
C1M440,新高口,南投縣,信義鄉,120.8703,23.4808,0,0,0,0,0,0,0,局屬無人測站,2014-12-14 10:10:00
C1V170,排雲,高雄市,桃源區,120.9460,23.4651,0,0,0,0,0,0,0,局屬無人測站,2014-12-14 10:10:00
C1V190,南天池,高雄市,桃源區,120.9036,23.2758,0.5,0.5,0.5,0.5,0.5,0.5,0.5,局屬無人測站,2014-12-14 10:10:00
C1V200,梅山,高雄市,桃源區,120.8154,23.2703,0,0,0,0,0,0,0,局屬無人測站,2014-12-14 10:10:00
C1R201,龍泉,屏東縣,內埔鄉,120.5925,22.6683,0,0,0,0,0,0,0,局屬無人測站,2014-12-14 10:10:00
C1V220,小關山,高雄市,桃源區,120.8053,23.1558,0,0,0,0,0,0,0,局屬無人測站,2014-12-14 10:10:00
C1V230,高中,高雄市,桃源區,120.7086,23.1366,0,0,0,0,0,0.5,0,局屬無人測站,2014-12-14 10:10:00
C1N001,沙崙,臺南市,歸仁區,120.3013,22.9373,0,0,0,0,0,0,0,局屬無人測站,2014-12-14 10:10:00
C1R110,口社,屏東縣,三地門鄉,120.6372,22.7719,0,0,0,0,0,0,0,局屬無人測站,2014-12-14 10:10:00
C1V340,大津,高雄市,六龜區,120.6381,22.8900,0,0,0,0,0,0,0,局屬無人測站,2014-12-14 10:10:00
C1V300,御油山,高雄市,桃源區,120.7069,23.0039,0,0,0,0,0,0,0,局屬無人測站,2014-12-14 10:10:00
C0R590,里港,屏東縣,里港鄉,120.4865,22.7810,0,0,0,0,0,0,0,局屬無人測站,2014-12-14 10:10:00
C1V390,尖山,高雄市,燕巢區,120.3597,22.8150,0,0,0,0,0,0,0,局屬無人測站,2014-12-14 10:10:00
C1R120,上德文,屏東縣,三地門鄉,120.6964,22.7650,0,0,0,0,0,0.5,0,局屬無人測站,2014-12-14 10:10:00
C0O930,玉井,臺南市,玉井區,120.4525,23.1278,0,0,0,0,0,0,0,局屬無人測站,2014-12-14 10:10:00
C0O810,曾文,臺南市,楠西區,120.4892,23.2215,0,0,0,0,0,0,0,局屬無人測站,2014-12-14 10:10:00
C0O900,善化,臺南市,善化區,120.2894,23.1144,0,0,0,0,0,0,0,局屬無人測站,2014-12-14 10:10:00
C0V150,表湖,高雄市,那瑪夏區,120.6561,23.2619,0,0,0,0,0.5,1,0,局屬無人測站,2014-12-14 10:10:00
C0M410,馬頭山,嘉義縣,大埔鄉,120.5736,23.3264,0,0,0,0,0,0,0,局屬無人測站,2014-12-14 10:10:00
C1M390,龍美,嘉義縣,番路鄉,120.6458,23.4078,0,0,0,0,2.5,5,1.5,局屬無人測站,2014-12-14 10:10:00
C1O920,楠西,臺南市,楠西區,120.4766,23.1841,0,0,0,0,0,0,0,局屬無人測站,2014-12-14 10:10:00
C1O880,關山,臺南市,南化區,120.5858,23.1750,0,0,0,0,0,0,0,局屬無人測站,2014-12-14 10:10:00
C1M400,菜瓜坪,嘉義縣,大埔鄉,120.5683,23.2536,0,0,0,0,0,0,0,局屬無人測站,2014-12-14 10:10:00
C1O870,大棟山,臺南市,白河區,120.5142,23.3133,0,0,0,0.5,0.5,0.5,0.5,局屬無人測站,2014-12-14 10:10:00
C1O850,環湖,臺南市,大內區,120.4103,23.1500,0,0,0,0,0,0,0,局屬無人測站,2014-12-14 10:10:00
C0H9C0,合歡山,南投縣,仁愛鄉,121.2641,24.1448,0,0,0,0,0,0,0,局屬無人測站,2014-12-14 10:10:00
C0F860,梨山,臺中市,和平區,121.2377,24.2450,0,0,0,0,0,0,0,局屬無人測站,2014-12-14 10:10:00
C0F900,雙崎,臺中市,和平區,120.8964,24.2903,0,0,0,0,0,0,0,局屬無人測站,2014-12-14 10:10:00
C1H9B1,阿眉,南投縣,仁愛鄉,120.9861,24.1278,0,0,0,0,1,1,1,局屬無人測站,2014-12-14 10:10:00
C1F871,上谷關,臺中市,和平區,121.0105,24.2034,0,0,0,0,1,1,1,局屬無人測站,2014-12-14 10:10:00
C1F891,稍來,臺中市,和平區,120.9931,24.2675,0,0,0,0,0,0,0,局屬無人測站,2014-12-14 10:10:00
C1F911,新伯公,臺中市,東勢區,120.8328,24.2233,0,0,0,0,0,0,0,局屬無人測站,2014-12-14 10:10:00
C0F920,石岡,臺中市,石岡區,120.7621,24.2819,0,0,0,0,0,0,0,局屬無人測站,2014-12-14 10:10:00
C0F850,東勢,臺中市,東勢區,120.8249,24.2482,0,0,0,0,0,0,0,局屬無人測站,2014-12-14 10:10:00
C0F930,大甲,臺中市,大甲區,120.6324,24.3499,0,0,0,0,0,0,0,局屬無人測站,2014-12-14 10:10:00
C1E461,松安,苗栗縣,泰安鄉,120.9778,24.3994,0,0,0,0,0.5,0.5,0.5,局屬無人測站,2014-12-14 10:10:00
C1E511,新開,苗栗縣,大湖鄉,120.8189,24.3494,0,0,0,0,0,0,0,局屬無人測站,2014-12-14 10:10:00
C1E451,象鼻,苗栗縣,泰安鄉,120.9322,24.3703,0,0,0,0,0,0,0,局屬無人測站,2014-12-14 10:10:00
C1F941,雪嶺,臺中市,和平區,121.0186,24.2825,0,0,0,0,0,0,0,局屬無人測站,2014-12-14 10:10:00
C0E530,三義,苗栗縣,三義鄉,120.7578,24.4128,0,0,0,0,0,0,0,局屬無人測站,2014-12-14 10:10:00
C0E610,馬都安,苗栗縣,泰安鄉,120.9219,24.4531,0,0,0,0,0,0,0,局屬無人測站,2014-12-14 10:10:00
C0D360,梅花,新竹縣,尖石鄉,121.2004,24.6801,0,0,0,0,0,0,0,局屬無人測站,2014-12-14 10:10:00
C0E430,南庄,苗栗縣,南庄鄉,120.9921,24.6032,0,0,0,0,0,0,0,局屬無人測站,2014-12-14 10:10:00
C0E420,竹南,苗栗縣,竹南鎮,120.8808,24.7108,0,0,0,0,0,0,0,局屬無人測站,2014-12-14 10:10:00
C0D480,打鐵坑,新竹縣,新埔鎮,121.1426,24.8518,0,0,0,0,0,0,0,局屬無人測站,2014-12-14 10:10:00
C1E601,南勢,苗栗縣,後龍鎮,120.7264,24.5744,0,0,0,0,0,0,0,局屬無人測站,2014-12-14 10:10:00
C0E590,通霄,苗栗縣,通霄鎮,120.6964,24.4736,0,0,0,0,0,0,0,局屬無人測站,2014-12-14 10:10:00
C0E550,明德,苗栗縣,頭屋鄉,120.8772,24.5853,0,0,0,0,0,0,0,局屬無人測站,2014-12-14 10:10:00
C0E540,後龍,苗栗縣,後龍鎮,120.7756,24.6081,0,0,0,0,0,0,0,局屬無人測站,2014-12-14 10:10:00
C0E520,大湖,苗栗縣,大湖鄉,120.8664,24.4189,0,0,0,0,0,0,0,局屬無人測站,2014-12-14 10:10:00
C1E480,鳳美,苗栗縣,南庄鄉,121.0261,24.5567,0,0,0,0,0,0,0,局屬無人測站,2014-12-14 10:10:00
C1D420,太閣南,新竹縣,五峰鄉,121.1522,24.6347,0,0,0,0.5,0.5,0.5,0.5,局屬無人測站,2014-12-14 10:10:00
C1D410,白蘭,新竹縣,五峰鄉,121.0718,24.5811,0,0,0,0.5,1,1,1,局屬無人測站,2014-12-14 10:10:00
C0E440,大河,苗栗縣,三灣鄉,120.9382,24.6190,0,0,0,0,0,0,0,局屬無人測站,2014-12-14 10:10:00
C0D430,峨眉,新竹縣,峨眉鄉,121.0091,24.6924,0,0,0,0,0,0,0,局屬無人測站,2014-12-14 10:10:00
C1D400,鳥嘴山,新竹縣,尖石鄉,121.2839,24.7192,0,0,0,0,0,0,0,局屬無人測站,2014-12-14 10:10:00
C0D390,關西,新竹縣,關西鎮,121.1657,24.8001,0,0,0,0,0,0,0,局屬無人測站,2014-12-14 10:10:00
C1D380,新埔,新竹縣,新埔鎮,121.0292,24.8467,0,0,0,0,0,0,0,局屬無人測站,2014-12-14 10:10:00
C0C490,八德,桃園縣,八德市,121.2750,24.9305,0,0,0,0,0,0,0,局屬無人測站,2014-12-14 10:10:00
C1C510,水尾,桃園縣,楊梅市,121.0789,24.9419,0,0,0,0,0,0,0,局屬無人測站,2014-12-14 10:10:00
C0C480,桃園,桃園縣,桃園市,121.3150,24.9942,0,0,0,0,0,0,0,局屬無人測站,2014-12-14 10:10:00
C0C540,埔心,桃園縣,大園鄉,121.2178,25.0494,0,0,0,0,0,0,0,局屬無人測站,2014-12-14 10:10:00
C0A710,林口,新北市,林口區,121.3700,25.0781,0,0,0,0,0,0,0,局屬無人測站,2014-12-14 10:10:00
C0A570,桶後,新北市,烏來區,121.5896,24.8501,0,0,0,0,0,0,0,局屬無人測站,2014-12-14 10:10:00
C0A520,山佳,新北市,樹林區,121.3938,24.9767,0,0,0,0,0,0,0,局屬無人測站,2014-12-14 10:10:00
C0A580,屈尺,新北市,新店區,121.5381,24.9242,0,0,0,0,0,0,0,局屬無人測站,2014-12-14 10:10:00
C0AC80,文山,臺北市,文山區,121.5675,25.0041,0,0,0,0,0,0,0,局屬無人測站,2014-12-14 10:10:00
C0A650,火燒寮,新北市,平溪區,121.7346,25.0044,0,0,0,0,0,0,0,局屬無人測站,2014-12-14 10:10:00
C0A640,石碇,新北市,石碇區,121.6546,24.9957,0,0,0,0,0,0,0,局屬無人測站,2014-12-14 10:10:00
C0AG90,中和,新北市,中和區,121.4822,24.9945,0,0,0,0,0,0,0,局屬無人測站,2014-12-14 10:10:00
C0ACA0,新莊,新北市,新莊區,121.4385,25.0533,0,0,0,0,0,0,0,局屬無人測站,2014-12-14 10:10:00
C0A660,瑞芳,新北市,瑞芳區,121.7926,25.1149,0,0,0,0,0,0,0,局屬無人測站,2014-12-14 10:10:00
C1AC50,關渡,臺北市,北投區,121.4612,25.1353,0,0,0,0,0,0,0,局屬無人測站,2014-12-14 10:10:00
C0A680,五股,新北市,五股區,121.4272,25.0853,0,0,0,0,0,0,0,局屬無人測站,2014-12-14 10:10:00
C1A730,公館,臺北市,大安區,121.5313,25.0162,0,0,0,0,0,0,0,局屬無人測站,2014-12-14 10:10:00
467730,新阿里山,嘉義縣,阿里山鄉,120.8073,23.5184,0,0,0,0,0,0,0,局屬氣象測站,2014-12-14 10:10:00
467050,新屋,桃園縣,新屋鄉,121.0475,25.0067,0,0,0,0,0,0,0,局屬合作測站,2014-12-14 10:10:00
A0K420,麥寮,雲林縣,麥寮鄉,120.2177,23.7987,0,0,0,0,0,0,0,局屬合作測站,2014-12-14 10:10:00
467990,馬祖,連江縣,南竿鄉,119.9232,26.1694,0,0,0,0,0,0,0,局屬氣象測站,2014-12-14 10:10:00
467110,金門,金門縣,金城鎮,118.2893,24.4074,0,0,0,0,0,0,0,局屬氣象測站,2014-12-14 10:10:00
468100,東沙,高雄市,東沙區,116.7167,20.0700,0,0,0,0,0,0,0,局屬合作測站,2014-12-14 10:10:00
467790,墾雷,屏東縣,恆春鎮,120.8470,21.9029,0,0,0,0,0,0,0,局屬雷達站,2014-12-14 10:10:00
A0W080,吉貝,澎湖縣,白沙鄉,119.6042,23.7400,0,0,0,0,0,0,0,局屬合作測站,2014-12-14 10:10:00
467780,七股站,臺南市,七股區,120.0692,23.1478,0,0,0,0,0,0,0,局屬雷達站,2014-12-14 10:10:00
A0Z080,合歡山莊,花蓮縣,秀林鄉,121.2764,24.1444,0,0,0,0,0,0,0,局屬合作測站,2014-12-14 10:10:00
467410,南區,臺南市,中西區,120.1970,22.9952,0,0,0,0,0,0,0,局屬氣象測站,2014-12-14 10:10:00
466920,臺北,臺北市,中正區,121.5067,25.0396,0,0,0,0,0,0,0,局屬氣象測站,2014-12-14 10:10:00
466850,五分山站,新北市,瑞芳區,121.7725,25.0728,0,0,0,0,0,0,0,局屬雷達站,2014-12-14 10:10:00
A0A9M0,新店,新北市,新店區,121.5165,24.9608,0,0,0,0,0,0,0,局屬合作測站,2014-12-14 10:10:00
A0T780,太魯閣,花蓮縣,秀林鄉,121.6150,24.1600,0,0,0,0,0,0,0,局屬合作測站,2014-12-14 10:10:00
D2F230,武陵,臺中市,和平區,121.3600,24.3800,0,0,0,0,0,0,0,局屬合作測站,2014-12-14 10:10:00
A0C540,拉拉山,桃園縣,復興鄉,121.4039,24.6903,0,0,0,0,0.5,0,0,局屬合作測站,2014-12-14 10:10:00
A0W030,金門(合),金門縣,金湖鎮,118.4319,24.4427,0,0,0,0,0,0,0,局屬合作測站,2014-12-14 10:10:00
467420,永康,臺南市,永康區,120.2286,23.0394,0,0,0,0,0,0,0,局屬氣象測站,2014-12-14 10:10:00
467300,東吉島,澎湖縣,望安鄉,119.6596,23.2590,0,0,0,0,0,0,0,局屬氣象測站,2014-12-14 10:10:00
466950,彭佳嶼,基隆市,中正區,122.0713,25.6294,0,0,0,0,0,0,0,局屬氣象測站,2014-12-14 10:10:00
467620,蘭嶼,臺東縣,蘭嶼鄉,121.5506,22.0387,0,0,0,0,1.5,2.5,1,局屬氣象測站,2014-12-14 10:10:00
467540,大武,臺東縣,大武鄉,120.8957,22.3576,0,0,0,0,0,0,0,局屬氣象測站,2014-12-14 10:10:00
467660,臺東,臺東縣,臺東市,121.1465,22.7540,0,0,0,0,0,0,0,局屬氣象測站,2014-12-14 10:10:00
467610,成功,臺東縣,成功鎮,121.3654,23.0992,0,0,0,0,0,0,0,局屬氣象測站,2014-12-14 10:10:00
466990,花蓮,花蓮縣,花蓮市,121.6050,23.9770,0,0,0,0,0,0,0,局屬氣象測站,2014-12-14 10:10:00
467060,蘇澳,宜蘭縣,蘇澳鎮,121.8644,24.6017,0,0,0,0,0,0,0,局屬氣象測站,2014-12-14 10:10:00
467080,宜蘭,宜蘭縣,宜蘭市,121.7479,24.7656,0,0,0,0,0,0,0,局屬氣象測站,2014-12-14 10:10:00
467590,恆春,屏東縣,恆春鎮,120.7381,22.0054,0,0,0,0,0,0,0,局屬氣象測站,2014-12-14 10:10:00
467440,高雄,高雄市,前鎮區,120.3080,22.5679,0,0,0,0,0,0,0,局屬氣象測站,2014-12-14 10:10:00
467480,嘉義,嘉義市,西區,120.4245,23.4977,0,0,0,0,0,0,0,局屬氣象測站,2014-12-14 10:10:00
467550,玉山,南投縣,信義鄉,120.9517,23.4893,0,0,0,0,0,0.5,0,局屬氣象測站,2014-12-14 10:10:00
467530,阿里山,嘉義縣,阿里山鄉,120.8051,23.5104,0,0,0,0,0,0,0,局屬氣象測站,2014-12-14 10:10:00
467350,澎湖,澎湖縣,馬公市,119.5552,23.5672,0,0,0,0,0,0,0,局屬氣象測站,2014-12-14 10:10:00
467770,梧棲,臺中市,梧棲區,120.5151,24.2587,0,0,0,0,0,0,0,局屬氣象測站,2014-12-14 10:10:00
467490,臺中,臺中市,北區,120.6759,24.1475,0,0,0,0,0,0,0,局屬氣象測站,2014-12-14 10:10:00
467571,新竹,新竹縣,竹北市,121.0061,24.8300,0,0,0,0,0,0,0,局屬氣象測站,2014-12-14 10:10:00
466910,鞍部,臺北市,北投區,121.5202,25.1865,0,0,0,0.5,0.5,0.5,0.5,局屬氣象測站,2014-12-14 10:10:00
466930,竹子湖,臺北市,北投區,121.5363,25.1650,0,0,0,0,0,0,0,局屬氣象測站,2014-12-14 10:10:00
466880,板橋,新北市,板橋區,121.4338,24.9993,0,0,0,0,0,0,0,局屬氣象測站,2014-12-14 10:10:00
466900,淡水,新北市,淡水區,121.4400,25.1656,0,0,0,0,0,0,0,局屬氣象測站,2014-12-14 10:10:00
466940,基隆,基隆市,中山區,121.7321,25.1348,0,0,0,0,0,0,0,局屬氣象測站,2014-12-14 10:10:00
C1I230,九份二山,南投縣,國姓鄉,120.8372,23.9639,0,0,0,0,0.5,0.5,0.5,局屬無人測站,2014-12-14 10:10:00
A1AG70,仙跡,臺北市,文山區,121.5350,24.9911,0,0,0,0,0,0,0,臺北市大地工程處(文山仙跡岩),2014-12-14 08:10:00
A1AG50,劍潭,臺北市,中山區,121.5202,25.0849,0,0,0,0,0,0,0,臺北市大地工程處(中山劍潭山),2014-12-14 08:10:00
A1AG30,稻香,臺北市,北投區,121.4757,25.1498,0,0,0,0,0,0,0,臺北市大地工程處(北投稻香里),2014-12-14 08:10:00
A1AG80,金面,臺北市,內湖區,121.5617,25.0967,0,0,0,0,0,0,0,臺北市大地工程處(內湖金面山),2014-12-14 08:10:00
A1AG60,福州,臺北市,大安區,121.5461,25.0187,0,0,0,0,0,0,0,臺北市大地工程處(大安福州山),2014-12-14 08:10:00
A1AG40,四獸,臺北市,信義區,121.5747,25.0311,0,0,0,0,0,0,0,臺北市大地工程處(信義四獸山),2014-12-14 08:10:00
A1AD60,貓空,臺北市,文山區,121.5871,24.9707,0,0,0,0,0,0,0,臺北市大地工程處(文山貓空),2014-12-14 08:10:00
A1AC40,指南,臺北市,文山區,121.5721,24.9833,0,0,0,0,0,0,0,臺北市大地工程處(文山指南里),2014-12-14 08:10:00
A1AC70,挹翠,臺北市,信義區,121.5662,25.0189,0,0,0,0,0,0,0,臺北市大地工程處(信義挹翠山莊),2014-12-14 08:10:00
A1AD40,油坑,臺北市,北投區,121.5406,25.1821,0,0,0,0,0,0,0,臺北市大地工程處(北投小油坑),2014-12-14 08:10:00
A1AD20,竹湖,臺北市,北投區,121.5201,25.1701,0,0,0,0.5,0.5,0.5,0.5,臺北市大地工程處(北投竹子湖),2014-12-14 08:10:00
A1AD50,劍南,臺北市,中山區,121.5431,25.0917,0,0,0,0,0,0,0,臺北市大地工程處(中山劍南路),2014-12-14 08:10:00
A1AD80,貴子,臺北市,北投區,121.4816,25.1577,0,0,0,0,0,0,0,臺北市大地工程處(北投貴子坑),2014-12-14 08:10:00
A1AD10,擎天,臺北市,士林區,121.5598,25.1651,0,0,0.5,0.5,0.5,0.5,0.5,臺北市大地工程處(士林擎天崗),2014-12-14 08:10:00
A1AD00,菁山,臺北市,士林區,121.5578,25.1458,0,0,0,0,0,0,0,臺北市大地工程處(士林菁山里),2014-12-14 08:10:00
A1AC90,溪山,臺北市,士林區,121.5807,25.1387,0,0,0,0,0,0,0,臺北市大地工程處(士林溪山里),2014-12-14 08:10:00
A1AD30,安泰,臺北市,內湖區,121.6049,25.0894,0,0,0,0,0,0,0,臺北市大地工程處(內湖安泰里),2014-12-14 08:10:00
A1AD70,茶場,臺北市,南港區,121.6551,25.0302,0,0,0,0,0,0,0,臺北市大地工程處(南港茶製場),2014-12-14 08:10:00
A1AC50,舊莊,臺北市,南港區,121.6165,25.0358,0,0,0,0,0,0,0,臺北市大地工程處(南港舊莊里),2014-12-14 08:10:00
A1AB70,奇岩,臺北市,北投區,121.4949,25.1257,0,0,0,0,0,0,0,臺北市水利處(奇岩抽水站),2014-12-14 08:10:00
A1AB60,福德,臺北市,士林區,121.5207,25.1012,0,0,0,0,0,0,0,臺北市水利處(福德抽水站),2014-12-14 08:10:00
A1AB50,建國,臺北市,中山區,121.5207,25.0740,0,0,0,0,0,0,0,臺北市水利處(建國抽水站),2014-12-14 08:10:00
A1AB40,玉成,臺北市,南港區,121.5743,25.0540,0,0,0,0,0,0,0,臺北市水利處(玉成抽水站),2014-12-14 08:10:00
A1AB30,中洲,臺北市,士林區,121.4665,25.1071,0,0,0,0,0,0,0,臺北市水利處(中洲抽水站),2014-12-14 08:10:00
A1AB20,雙園,臺北市,萬華區,121.4821,25.0321,0,0,0,0,0,0,0,臺北市水利處(雙園抽水站),2014-12-14 08:10:00
A1AB10,脾腹,臺北市,文山區,121.5371,24.9882,0,0,0,0,0,0,0,臺北市水利處(脾腹抽水站),2014-12-14 08:10:00
A1AB00,北政國中,臺北市,文山區,121.5693,24.9862,0,0,0,0,0,0,0,臺北市水利處,2014-12-14 08:10:00
A1AA90,博嘉國小,臺北市,文山區,121.5671,25.0040,0,0,0,0,0,0,0,臺北市水利處,2014-12-14 08:10:00
A1AA80,市政中心,臺北市,信義區,121.5482,25.0407,0,0,0,0,0,0,0,臺北市水利處,2014-12-14 08:10:00
A1AA70,舊莊國小,臺北市,南港區,121.6112,25.0418,0,0,0,0,0,0,0,臺北市水利處,2014-12-14 08:10:00
A1AA60,留公國中,臺北市,信義區,121.5774,25.0390,0,0,0,0,0,0,0,臺北市水利處,2014-12-14 08:10:00
A1AA50,東湖國小,臺北市,內湖區,121.6068,25.0710,0,0,0,0,0,0,0,臺北市水利處,2014-12-14 08:10:00
A1AA40,碧湖國小,臺北市,內湖區,121.5835,25.0865,0,0,0,0,0,0,0,臺北市水利處,2014-12-14 08:10:00
A1AA30,至善國中,臺北市,士林區,121.5474,25.1051,0,0,0,0,0,0,0,臺北市水利處,2014-12-14 08:10:00
A1AA20,平等國小,臺北市,士林區,121.5682,25.1310,0,0,0,0,0,0,0,臺北市水利處,2014-12-14 08:10:00
A1AA10,格致國中,臺北市,士林區,121.5374,25.1332,0,0,0,0,0,0,0,臺北市水利處,2014-12-14 08:10:00
A1AA00,三興國小,臺北市,信義區,121.5499,25.0310,0,0,0,0,0,0,0,臺北市水利處,2014-12-14 08:10:00
A1A9Z0,中正國中,臺北市,中正區,121.5137,25.0335,0,0,0,0,0,0,0,臺北市水利處,2014-12-14 08:10:00
A1A9Y0,民生國中,臺北市,松山區,121.5585,25.0615,0,0,0,0,0,0,0,臺北市水利處,2014-12-14 08:10:00
A1A9W0,陽明高中,臺北市,士林區,121.5085,25.0943,0,0,0,0,0,0,0,臺北市水利處,2014-12-14 08:10:00
A1A9V0,北投國小,臺北市,北投區,121.4907,25.1357,0,0,0,0,0,0,0,臺北市水利處,2014-12-14 08:10:00
A1A9U0,桃源國中,臺北市,北投區,121.4687,25.1362,0,0,0,0,0,0,0,臺北市水利處,2014-12-14 08:10:00
A1A9T0,大屯國小,臺北市,北投區,121.4957,25.1568,0,0,0,0,0,0,0,臺北市水利處,2014-12-14 08:10:00
A1A9S0,湖田國小,臺北市,北投區,121.5307,25.1704,0,0,0,0,0,0,0,臺北市水利處,2014-12-14 08:10:00
467650,日月潭,南投縣,魚池鄉,120.8999,23.8830,0,0,0,0,0.5,0.5,0,局屬氣象測站,2014-12-14 08:10:00
NUP460,平溪旅遊,新北市,平溪區,121.0371,25.0133,0,23,51,69,70,76,70,十河局,2014-11-16 19:30:00
